100
-5605 -2789 -8958 -8345 -4292 5079 6447 -5147 -4461 3395 9524 -2842 -104 2313 -9908 -4955 -978 -8992 9840 -4443 -296 6466 6778 2920 -9184 2756 6472 5081 7065 -6477 4395 5730 -8939 2609 6764 1854 7823 -6066 3487 9684 8891 429 4113 7010 -8413 801 1024 6525 -7869 -6391 -2404 7184 2455 774 1649 1227 6372 -8215 -8886 -2091 5109 -254 681 -8604 4726 4746 1034 2152 816 2091 2751 163 1005 7015 2623 6419 5466 6203 -1165 2272 -4433 -6458 -7273 -1054 2254 7628 9303 1188 -9322 -9077 9571 5994 846 3980 -7441 5679 -6271 6911 8972 -9666 -6742 
-1355 9602 3785 1415 7121 8966 -2548 4783 1136 1745 2523 -7456 -6545 -7182 9319 -45 -3126 1073 -4174 3226 9432 -6525 -2712 -1635 -6325 -935 3592 -5910 -7176 4224 -378 3311 854 6793 2968 5538 815 -8983 5525 2431 4608 -4881 -3598 -3985 8960 3721 -7480 6552 -5873 2383 4292 10 -6757 -7779 5526 8683 -6213 -4264 3245 -6277 2004 3323 3225 6447 -2738 5356 -4194 -3819 -7244 3962 2562 -3245 -5304 1768 -2097 7332 -7666 4571 -9956 -39 -6807 -8545 -4952 -6920 -1281 9004 9840 -4873 7464 2659 -2131 5595 -9373 5636 5704 -4265 2159 -3786 -2249 -9470 4321 
6727 -871 579 6934 -3798 5244 -6377 5146 460 5749 -6963 2697 -8713 -7074 9270 -6461 -4159 -741 6571 7753 -2201 -1202 9239 1021 1488 3754 -7753 -4564 8581 8489 -1985 -6648 -6815 789 434 -6665 -2609 -7210 -992 4898 -3656 8304 -2024 -4010 7608 -47 -3170 8126 873 -5168 -6617 -1903 8541 -7281 4442 5424 4175 -5279 8211 -4929 -3272 -9157 -5959 2783 7536 -343 -7225 6517 -3581 -8297 -4700 7542 -60 8185 -3002 2925 7907 2313 5278 2335 6133 6589 7006 -1636 -8384 5117 -3756 326 -8918 1345 9288 8663 -9299 8085 -8791 -2637 -4946 6149 -1315 379 373 
-6964 2530 -8779 -1034 -3900 7631 1119 6539 -47 8941 -9666 -6905 94 846 -7557 -9457 8599 5918 -5328 -1792 5822 -1880 4330 -1092 -5892 -9948 9346 -5197 -5945 -2136 1676 -137 996 5460 -7700 -9322 2813 337 2834 -2574 9576 5939 1393 -1150 1288 -4120 -7191 -8863 -603 1453 9633 370 -2283 3760 -413 6277 4116 -4399 6510 -6606 -948 7697 5214 1937 -7602 -4356 9977 9331 -892 9118 -6019 -8048 6337 6921 2948 6785 6158 -1252 7763 -6402 -898 -7238 1403 -8235 -7312 -3859 8824 3735 7328 -5375 -3742 -5643 7928 2457 -3625 -6224 -9062 -9707 -9171 -1123 -7978 
-4994 -8006 -7256 9027 940 -4335 9500 9821 7043 -66 -5908 -9173 -703 7942 -7911 -2780 5690 -2241 -8701 6474 9153 -2128 545 1884 -4152 -2105 8714 7867 8714 1566 -3534 4690 -2817 8203 3671 6843 -87 7232 7289 -2201 -9060 7863 -8659 -4339 8906 6111 3961 -6042 6753 5323 -339 -7699 4965 331 -7829 3089 9496 -6116 -5528 7295 691 -4281 -634 -9624 -8795 -902 -6009 -900 -2600 -7737 -2564 -1064 1144 1063 825 -4861 7939 -8036 -8338 -4801 -8889 7630 542 -9997 -7766 9443 -2513 -1475 -1091 5168 6568 8541 3665 176 4648 19 4801 8657 -3130 -1734 -7289 
-2254 6987 -1268 3036 -9236 8155 -913 1569 -833 -310 7566 5739 -1998 -695 6041 8471 -6360 4476 -2758 -1703 -5988 222 6483 -5809 620 6252 -3023 1444 4907 -6269 -8248 5302 -4373 -6414 4863 -2893 -4515 7662 1321 -4725 -7521 2345 -7293 4799 316 -1178 -8615 6034 -9826 -557 643 -1266 7631 -6406 -8188 6365 -6848 -5499 1699 4107 7247 3888 4725 1544 -5604 6316 -3427 -3143 -3555 2469 -9451 2729 -8527 -6497 -8718 8168 -3292 -8352 2313 -3210 -7464 -9422 3220 5025 9247 -7540 4417 364 -6018 -3422 -3221 -7404 2644 -1259 -902 8492 -8445 2740 3972 7406 -4751 
8030 -136 -1358 5717 -6756 3607 -2788 2312 5498 6512 7896 -1203 2460 -1701 -654 -8490 4153 -3528 -2054 -3413 -914 9346 -8701 -5874 8325 8977 7569 -748 8939 5711 7655 1002 -318 -7533 4039 -2119 -6271 7077 -7489 -787 -9273 -4682 1615 3386 6325 -5083 -2122 -448 -7641 4057 -5493 -7572 6095 4368 5424 -4341 -1629 -4891 -3728 -7196 6667 7540 1611 -6245 2073 1322 -7034 -3902 21 -9166 -7875 -9458 -7331 9499 -4323 -870 2261 -6814 -5939 1728 -3662 2668 5152 -9171 8 -5123 -6163 -8087 -1520 -2191 9476 -4646 6731 -8739 -814 7807 -3901 5539 -2392 5875 -4184 
3252 -9343 -3893 -8907 3202 -1408 8122 -7084 -8994 -1375 2629 -5506 5245 1576 864 -2317 -3535 3749 -4594 -6281 -6577 -7418 -6066 -1938 9876 1986 8904 -9997 -9732 -2281 -9514 5538 -5255 -737 -6443 7530 1654 -6497 -1917 -8466 -7406 -9133 103 -3250 -2690 -997 -2026 -5705 8523 2347 -1936 4738 -4812 -6186 5573 -7154 1428 -4884 2363 8071 2379 -8984 -3009 -7305 2164 4008 -8651 -8162 2526 2743 8909 -6356 -3697 -8505 -6221 4449 3372 7477 7273 -7355 -557 8998 -617 -8107 2172 -8163 801 -8919 -3744 -2307 -6952 -3350 -4464 8193 -7155 2070 6121 -8125 1056 3006 7517 
5678 -4163 -4279 -4718 -9969 -7462 4706 -4321 -1403 2329 5580 -799 2337 2514 -8919 5643 3548 -2189 1976 3871 9680 1546 -6300 -5017 -6783 -5217 -5009 1094 -5661 -8618 -275 -9146 -9319 17 -1504 1520 5132 2586 -1376 -2408 4641 275 -5898 34 8465 -9420 -4907 -2027 -9381 -6014 -2616 1822 7438 8899 -4377 4389 -9171 5704 9187 4186 8730 9029 -2002 1086 -231 5015 -6373 8773 -6206 -3220 -5330 -3810 -6214 666 3021 -8788 -7241 -7483 -6743 -575 368 3618 6957 4208 456 -3943 -1853 2676 6351 993 -4360 8206 -3933 8678 -7444 6654 6280 -274 8747 -6181 7829 
-4407 2778 1218 987 8830 9677 -3553 1334 5989 -8544 7013 -9343 1540 97 -3478 -7756 -4128 9684 3727 379 -4194 7589 475 6562 3653 -134 3737 -3484 -427 -5768 6720 797 3151 7781 -2715 9998 -7772 1664 5489 2937 5143 976 983 1056 5247 -1858 -7309 -8792 4061 346 -3357 -4411 -1243 -8992 -3011 5944 9381 974 4497 5803 -6843 -8098 1937 7294 7665 4383 -1391 3750 214 -6372 6811 -3941 1356 -1752 -3534 -9047 -1112 -4188 -566 3741 4814 7392 -8718 56 -7613 -8054 -610 -9821 7364 -4404 5389 -7572 -4318 1139 -3654 4314 -7089 -8480 -3391 4930 -3608 
4920 -9257 -1559 -5652 -6684 -5382 -522 -3396 -7585 -7269 3852 7918 7612 -1238 4288 -7826 4567 2144 4170 -1832 8602 3703 -2518 -162 1292 -4989 662 -9921 2368 7126 -3461 6019 -4510 6428 6053 -3665 3937 -2035 204 -7307 3809 -9327 -1065 -9867 1990 4700 -7829 -6029 -4584 3572 9331 -4583 2215 -8273 -3351 -9384 6669 737 -6322 9178 3241 -7135 -5889 -9277 3000 -4044 4883 -7883 -6626 1031 -9186 5040 4952 2004 519 -9769 3213 -5868 -1134 1131 -9866 9848 5126 7169 -6740 -4275 3999 3506 -7317 -2854 2517 -1823 -9122 5365 8861 -3288 9688 -7603 -7119 6175 2997 
8457 -4054 -2412 4416 -5352 -7171 -8714 -8977 -7358 9543 -5638 -272 -3384 4379 381 8609 -8023 -817 6294 -7462 -2542 31 9985 1771 -1352 69 -3247 9544 1993 5986 1772 -3272 826 233 9711 4952 5606 916 -3983 6819 85 6049 8268 -3897 -359 1280 -6152 -4907 -5053 -1870 4172 -415 -8604 7738 3032 1588 -1834 -6864 1460 -4072 -4965 3486 2631 -3076 2508 -3133 7271 339 -9652 364 829 5684 -6311 -7254 -6595 9946 -2303 3064 -9019 -9939 -8083 -1573 5253 -7775 8933 -2414 -8645 7489 -5157 3053 7073 -135 6073 -4688 3089 -7264 204 -592 7129 6079 -3316 
-512 279 -2472 6175 1377 2110 3571 684 8590 -1167 5886 -7693 6108 5452 8559 -51 -5929 -6120 4224 7937 4418 -9060 5348 -2244 1319 1009 6814 5460 7294 404 5983 882 9837 -5105 -9805 1724 -5685 3703 -3481 -3061 7314 -3461 6625 6545 8382 1335 5368 5034 -7948 -6053 8302 6873 -5266 -5440 -2630 204 -6426 -7269 -9585 -3163 -2686 -1595 -302 -3852 -3963 -5370 1045 -5530 -1551 -5823 -9130 -18 2968 9467 -6089 -4690 7015 6188 618 6358 6113 2042 2803 -4638 -6218 -2953 6271 5296 -9526 -6952 2658 -4545 -513 5886 -4052 -9705 8092 -1116 -1633 2921 -1918 
7724 3736 8528 -6682 -5563 3993 -636 3713 4575 -7723 6469 -388 -724 -9854 -394 -5194 -6021 -3180 -7325 1057 -5178 3676 -2908 2748 -4164 8712 5149 5897 -9654 -6037 -8073 880 3698 1184 -8093 1320 -4795 -8339 3213 -4691 -7439 9339 -1923 -3229 -7491 -7305 -6581 7677 -2839 -2430 1139 7752 -2905 -8162 -6237 -6592 -5352 -8397 -9670 8907 2885 7595 7924 1853 -391 -3745 -8366 4339 1689 1870 8615 6634 -6689 -8033 2321 -6360 -7286 -768 179 2372 1893 2007 1057 -6280 -7368 9146 -6501 95 -507 8832 -9571 4521 -4951 -2249 -4945 -9399 -8034 1348 -7499 -2455 5940 
5218 1078 -4631 -3166 5340 4603 7442 2396 -7405 -9505 9482 -6994 6782 -1403 4104 -5624 -1869 3009 4519 -2213 7136 528 -9378 -8916 6589 -4861 -9996 -4578 2123 -3458 -8470 3444 -2528 2960 -1408 6285 -9796 7024 -8217 3753 -713 -3477 1969 -4276 -1386 8194 -3228 -1018 580 -2295 -8843 -9601 -9109 -7099 -1002 -2868 744 -3117 6988 5424 -7285 838 2526 5925 3507 -631 474 -3061 8346 2710 7191 7831 -9331 1342 -9057 -2343 9482 -2091 7425 3034 -1680 2322 1536 5315 6800 2786 -6615 9879 1131 -3992 1265 -4563 7989 783 -648 9775 7552 -1954 -1610 -5198 1241 
-4189 1525 -5963 -4745 -6995 2138 -4644 -8734 9610 -3280 3900 -7183 -1215 -9157 -769 8597 -2314 9872 -454 1346 -4910 4625 -7934 3506 -6151 -4869 508 3501 -9976 -6453 -4390 -516 -3417 -9424 2489 -7756 -5697 -1027 -6808 -6115 -2734 -8478 -3357 7969 -5419 500 -556 8292 8467 9892 -792 -9125 -1861 9269 -4456 5877 3946 6382 -3961 -6071 5628 1606 -4433 -7464 61 1675 -2697 1712 -2485 -69 -196 6253 -3045 541 -1416 -587 -3764 -9669 5458 250 6065 -1188 -8105 -1519 -3778 7130 -9263 -1701 -9744 -2101 2454 -4496 8168 5860 -1565 9377 3339 -6970 4025 5611 -9859 
-5624 -7085 -1108 -4821 6273 9107 2965 4813 4882 -5728 9426 9813 7036 -4495 -7161 4629 2559 1040 7345 7244 -2148 -5453 -7234 5812 -6434 -895 8287 -1543 -7729 -3971 -9717 4370 -9195 1338 -2063 -2724 2049 -9987 -876 6861 -7570 7707 6917 1948 -9839 1289 7799 6678 -3431 3057 6730 236 -7784 4330 6779 -5069 8802 6955 8969 -5510 -3549 7722 2984 -7573 -6067 -1213 3591 -5251 -989 664 -812 4095 -9014 -2127 -3758 8935 9332 376 -7359 -3638 -9609 3485 3595 9872 4257 -3860 -7938 -988 -7949 -4067 -5192 6809 -187 -8326 327 -1832 -9181 510 -5117 -6578 2097 
727 7894 8062 4350 9178 -8555 4742 -8821 1908 -88 6729 -2188 -8874 -1746 -4378 -9065 1592 -9141 1635 7106 -9370 -8143 4926 3404 9024 9174 7275 8610 9379 -5981 -4055 -4002 -1300 -4941 -1530 -7371 2520 3340 8360 9273 -8548 -2906 -765 4020 -5008 9796 -7611 -208 4203 -2139 3605 9914 -4468 -1811 -7192 8887 -8595 2555 3134 -8835 -7555 -4600 -5876 9162 7520 8873 -864 -2192 -5186 -1464 -1083 3972 -18 4210 6661 -4663 2882 -7901 -821 -566 7041 -4023 -4049 4368 -2157 1654 -5402 6222 -8645 -3468 1868 -8092 3195 -1436 438 -6315 6222 6305 8183 -7204 9987 
-459 -6609 3737 8625 -5110 -2081 3002 7245 -4142 5135 8660 4963 -5133 5412 5511 8925 -9764 8510 3529 -96 -6657 -7176 -472 -877 -1307 -7680 -4193 2451 817 5965 9475 -1465 -6656 -3259 7320 3121 534 8333 3344 -8426 -8163 -340 -8260 -9362 -1122 9981 -4272 -7207 -8591 7615 1834 7517 -7228 8901 2693 5890 5687 -6151 -7711 171 -3973 1044 4766 8725 -2460 -9936 7241 -7973 3714 6932 5076 8668 7270 5100 -5987 4918 -9471 -125 -5884 3831 5564 -1733 3924 6935 5490 -411 1981 -3406 -7985 -2010 -400 2313 -8789 -6875 804 -545 9195 3390 -224 4455 -3084 
-5010 3011 8671 87 -2401 8479 8013 -4003 2654 8276 9670 5017 -5394 819 1905 -5478 4412 1456 -6387 9727 6333 -60 -477 5397 3509 -8396 9333 7990 -5464 -8169 7830 -5517 -2655 7316 8468 4812 -5433 8947 645 6896 -389 -5315 -8279 6083 -897 -3882 -530 -3597 4775 -6459 -1806 9388 2449 -6517 4189 -5459 3328 9055 -6366 -7946 9981 -6775 809 1101 2438 -4165 4435 8973 6645 3088 -1361 -8625 -9708 4377 -8103 1611 -248 -5458 9547 3321 8990 4289 8373 7617 4782 -1952 4155 2636 -8812 6256 -3838 1228 5803 3929 -151 4647 6538 8992 8966 1611 -1943 
3266 -4475 2316 -6294 3286 1156 -8746 -8638 -1154 9443 7685 102 4705 2025 3630 1453 7312 659 6704 -8977 -1987 -6078 2706 -8104 8603 7031 -960 1270 1988 9478 1413 -8112 -9561 1682 9091 8249 -8488 8145 8712 -5688 -4012 -2396 -9122 -8625 1095 3140 3321 -4193 -9261 -1640 -6766 -9649 -2867 8726 -5822 6208 7553 -2453 2051 6048 -5473 9490 -3493 5620 746 -5130 -9137 -5101 3683 1254 -9781 -5452 7233 -26 4690 -5862 6919 -8076 -3573 -6849 -9989 2004 4981 6713 -1483 -2238 -9919 2212 -3525 9634 5984 190 4896 3842 5795 70 -9515 8918 -3889 -7588 1690 
-5586 7580 4012 -8641 6533 -5283 2756 -1496 6503 746 -1580 -4579 6745 1872 4849 -9135 -3183 5414 4282 -4674 -3122 657 -3279 4007 7629 1289 893 2103 328 -4810 -9293 4995 2553 8618 -9220 3311 5142 -5397 6297 9515 -9771 7521 -7275 2272 -1351 -12 -427 4600 -3192 4903 -3541 8095 1918 6155 -9586 2359 -4320 9384 4121 -8972 7029 9902 9155 7776 -9133 4471 2262 -1077 4053 -4141 1304 6720 -5931 -6052 3742 6126 7705 -8887 -4644 6382 -2566 6436 7225 -9512 -4151 9612 8366 3355 3507 9793 -1577 -7458 -3216 9839 9768 2031 4106 -8300 1228 -6195 -7994 
9343 -2686 -6564 -490 1757 -6748 7766 -2889 -9640 1540 -5771 8822 -2288 2317 872 -493 -3407 3403 -8525 2586 -9567 7526 -7432 7918 -3859 5289 -818 -1606 8992 2449 -436 6606 -2772 -3353 -7842 299 -9974 8086 8581 -2184 -8749 9147 -9537 -1625 4034 3597 461 1480 -530 -989 -3494 9017 -42 -1583 4479 -8483 -6512 7329 5308 -2971 9407 8713 -99 6538 209 -7356 9607 8460 6283 -9524 -1337 -2744 2041 -2295 943 3212 3041 -9019 3327 -8137 8328 -6235 -5617 -5455 -9710 1534 -9815 -5406 7246 -851 6043 -4882 -5518 5264 1762 791 -879 -3928 -6619 -9878 -3363 
-7427 1786 5017 3023 7780 12 -4951 -5674 1404 3351 -6286 -2713 6280 4842 -5310 -2406 -1282 3728 3318 -2192 -3500 -5610 -1399 8309 1589 8963 7056 3077 4716 -7644 -4293 -1694 3810 -9604 5999 -8424 8760 -9117 8712 8417 4135 8906 -2575 -5108 -2086 -2511 1603 9722 -5839 -2392 7800 4010 -5047 2746 -5315 2791 6461 -686 7591 -263 2789 -4586 7979 6126 -9040 -8349 -1766 111 -7458 9989 -9206 -4425 5127 -4988 1204 -3380 1821 -2528 -2298 1454 -8356 2727 6315 7122 2688 27 4974 380 -3643 -560 5946 1402 -5072 296 -9379 -9801 -6926 3088 -4872 1774 -4655 
4828 5672 -4658 9017 1770 -7468 1652 -3088 2322 637 -5388 -4346 -7285 -6420 -9182 -8817 8564 2307 -1358 2274 -600 7833 -9633 -4496 347 -2747 -6122 -1565 -4064 4432 -7492 6803 -5286 7604 -3447 430 -1088 -8944 7260 1035 2157 -3650 9025 6495 862 8003 -3821 7584 -1620 -7717 8466 2855 1288 -3993 9924 -2331 -7477 6607 842 5750 1439 2135 -1511 -9901 4363 9608 -6378 -5023 8071 -3300 1991 -404 4427 -3006 9876 5848 8799 7040 -8358 1709 -259 223 2775 3375 -4476 -4043 -8281 -8363 -3296 7986 -326 7212 -2246 -2355 1428 -1588 4225 -6180 8032 -4822 3540 
6437 7524 4380 3920 6616 6983 -5611 9559 -1750 -5440 9698 -5368 3025 314 -8186 -5514 2194 -9519 -8333 5428 -5312 -5421 -3392 3675 -156 4141 6826 6188 -1838 5011 3965 -9497 -9246 4041 7783 -6788 -1106 -3635 -8286 2607 5025 8180 -8055 -4342 2798 4113 3706 4894 9952 6482 6022 -8244 9519 1761 2955 -9837 -9487 1649 -1792 -2242 7270 -1871 -7473 -1718 -2727 7280 -5681 -8758 -645 8540 -7538 -3509 4529 9884 8797 -2488 -6948 4577 -8463 -183 9254 568 2794 -7909 2959 4182 1080 2467 -140 651 -2315 3608 103 -6705 -1108 -4124 2546 -9148 -6975 8653 1167 
538 3138 -5690 -4930 -2856 -2876 -7900 6443 6941 5582 1602 4905 7738 251 9390 9470 1020 -5682 -9654 5121 7896 -3130 903 -3550 5639 -8660 6218 6201 -7043 -6665 -5145 8127 -1266 8156 -4177 5650 86 -2743 9968 -9986 2316 2705 -6907 1450 3630 -7708 -8989 6103 -8157 2318 708 5304 7501 4322 1536 -6481 -2270 -9638 -470 -6570 -7468 8486 700 7265 -9238 7512 -9511 7607 -4285 2683 5011 9992 -8023 -4193 1891 2378 -8104 -4546 -8283 -2118 -8835 -5212 9086 -6096 -5194 -3699 -3377 -1799 1571 1453 67 -5166 983 5902 3103 -267 -6081 -8289 -1049 565 2056 
1508 -4350 -6673 3801 9873 9763 4949 6228 8580 -5150 3843 1188 4178 -6811 -1706 -6120 -3917 -7759 6398 4282 610 -4654 6876 -2211 -7827 -3139 7585 -4129 3370 -2933 -6047 4452 1206 -5734 -8055 -2214 -7798 204 -3146 3002 -3426 4690 -5567 3368 -5310 5313 -3782 -2668 -5386 -5248 6972 -9124 4998 -8688 -2877 3914 6041 9412 8023 9171 -3717 -5363 -523 -6033 -3988 6509 9490 -22 4975 -7736 -8789 1386 995 -8708 -4086 2672 8270 2814 6913 3519 -7175 6758 4156 8204 575 -8967 -465 -7475 3944 9569 8224 -830 -2324 1045 5437 4378 6795 -616 -5376 -4759 -5296 
-9356 -7248 -648 -295 -4502 -2333 -7432 1291 -6397 3358 7811 1565 -3350 7602 -6448 -3229 -4980 2196 8310 5441 3830 9974 -1372 1451 -9411 -8273 5679 7053 -8470 1240 7335 9052 8179 682 -3378 -8331 -5637 8871 -9322 9184 -1377 -7413 5080 -140 3823 -1525 1265 2526 374 7969 6572 2483 -8289 2354 -3584 -9987 3316 -7526 -8478 8856 -9079 -711 -1351 -4955 -2439 -8413 -4076 5370 -6480 -4659 4474 -4702 -13 -9133 -4593 5715 4219 -9293 5532 -6498 -8752 8008 -418 -9898 9166 -8450 8318 -4700 -1104 -6597 -2270 -2700 -1719 7433 1813 -7806 -9346 -6681 7484 -5926 -925 
7603 -9700 -2974 -7789 -8778 -9340 3135 -6711 -1403 10 -4555 -3662 -1721 571 -2859 3138 9924 934 4088 9297 7338 -7132 -4993 -4570 -7325 7427 9017 -8244 2243 -3140 -4961 -8746 501 -2663 4635 9777 4896 305 4429 -6697 -7632 8242 1896 7136 -1822 1073 -443 -719 5469 2653 3984 -297 -6941 2365 9428 -8733 1949 6755 -7367 -8431 -5683 -2412 4299 5522 9567 -9246 3028 1577 1329 -9394 -7233 -700 3202 -5704 -5377 -2389 1961 -8118 6088 -2538 -7633 2288 8239 -928 7755 -754 2596 -7131 -5545 -8260 -3568 -5460 -6998 5627 -5300 9668 -2042 -5656 6307 419 6778 
3666 3910 -1650 -9498 -1871 136 621 -6118 -4169 -1372 -6044 692 2300 -4366 -2166 -1517 -1459 4086 6293 2763 -1047 6881 -8440 3223 4014 7483 2683 9980 9822 7049 -2152 -9272 -8363 4553 3921 -4208 -2508 9057 5296 -2631 8550 -9047 -1165 -8655 -871 -4728 -2949 -8162 2136 -8488 -6994 -8966 7528 -1551 9548 9733 -1615 6741 -2384 -2889 -9339 5463 9365 -718 2725 -7116 2193 -1554 -8329 -9322 -5149 -1753 2258 -5668 -8805 8368 5317 -8001 6722 866 1364 -8323 126 -4078 -6017 4566 -8111 1005 2525 8347 9133 -3023 2520 7920 2702 5448 -1646 950 8011 196 6212 
478 621 8025 8535 6743 -1415 -8786 -5132 8296 -9839 -7168 -7182 3005 6591 -2438 -9829 1139 -3006 -3653 -5885 9171 9624 2344 -6012 -2908 -5320 -3118 5035 317 4377 -9751 -3315 9107 5352 -8010 9560 7508 2190 -2039 -5927 1068 8026 -1846 -5942 -4905 -720 -1402 2223 7879 -1913 1122 1983 -6341 -2582 9257 3707 -7679 -5776 2625 8619 2290 1566 -1650 -1088 -7570 -9516 -3064 3136 -6521 7444 1135 -3520 -4973 -9295 9221 4046 -8909 1425 -5664 -1964 -7131 2853 1314 -6258 -353 -2009 6008 -5102 4479 -5808 -7877 -4208 7220 1316 837 4186 -4941 8831 6804 -2199 -7809 
6185 -5110 1567 -6767 669 8462 714 -1167 -5425 419 -8957 3803 6839 1819 -8807 615 7873 3661 -8584 6872 1930 -9966 -5452 5793 -8422 8318 5996 7448 9492 -333 -2543 9835 5410 4274 -3745 -8128 9726 7902 3295 8049 7034 -7431 3081 -5874 6757 -840 6666 338 -9409 -9374 9733 -8225 -5989 539 77 1124 6175 -916 -126 -7956 9860 -1897 2675 -9714 1591 9006 -6726 -1859 -746 2127 -7977 -1121 -2069 6098 8292 -1756 -1303 -9130 -9905 6361 -6051 2054 5084 7266 8892 7728 9634 4145 473 9204 -4407 6102 5854 3644 8123 -1588 -2316 -9547 8358 4079 9001 
-2328 4759 3450 7043 277 6519 -1896 8064 -5357 8538 -2274 -306 3631 6047 -3394 1238 -1567 3412 9424 2968 6746 9928 -7055 -6761 -8849 7576 6799 -6958 -7768 1974 37 4852 8999 6586 -6737 1848 8417 8122 8388 9983 7987 -6115 3497 -4845 8723 4876 -7301 -344 -2359 -9032 -799 5488 6817 5895 -1468 -690 2141 8840 5563 -1650 5114 9504 -1193 8600 -4862 -440 173 3744 4214 -4485 -4579 -8391 1242 2472 2255 2871 4775 -4901 -2750 -8563 9480 676 9480 8701 -7401 3493 7499 3158 -6604 7624 6377 4036 -3709 4465 7017 -4422 -3061 4997 -6314 4451 -6760 
-9418 5846 -8181 4327 -6426 -7686 5306 -5969 4604 -2800 8512 -9065 5786 1422 715 -7568 -4274 7462 -9029 4898 4682 -4534 1940 2584 -6093 9900 -5045 -2814 3589 3517 -5076 -5535 9427 8662 4152 776 9654 -2998 -6892 -4548 -4236 -5574 -1469 -5579 9238 460 4518 -4629 -2647 6891 1067 -2582 6913 6248 -349 8960 -739 -2589 7172 8722 6697 3358 -7902 9171 5366 -5182 -8012 9124 3908 3554 -5404 3115 -6866 8677 -8100 5008 -1161 -2957 3068 -2977 -9822 -4407 -9503 1636 8903 6982 -7705 7224 9569 4438 3052 -1392 -8791 8590 -3695 -6392 4717 -6193 -3441 -199 1496 
964 -3962 569 -3976 1399 5660 -7433 4071 -3075 -7831 6753 6238 -858 -8169 -9726 -1366 6074 6005 6556 2820 -8620 -4312 -1122 -6167 -2112 -137 1135 -8070 9491 9294 9771 8 -1170 2550 7129 8306 9506 7253 -4223 -11 -8239 -3507 2452 8162 -2761 -5616 1241 -6741 -1912 5786 -4828 8092 630 -4290 3084 -4836 -8984 -1564 6910 9399 1667 154 6757 -7933 -4777 635 -2139 2324 -879 -724 -4902 -5205 8672 -2129 7858 -9714 -1459 5543 -8933 -3891 -9403 9678 -9417 6897 -302 -9510 -3386 9343 8912 6688 6854 -9342 -1783 -239 6881 7636 5825 -3589 -9389 -9119 -3454 
-7657 62 4504 3584 -7036 -2636 8146 110 -1707 -8117 -615 -1082 4079 -2101 -776 6502 3187 -4654 -4471 -379 3195 9757 2521 -6145 5218 2402 2119 -5995 602 -3756 4933 -3908 -7335 -9065 -4213 -6211 -2845 -8174 -7958 -5189 -9173 405 7371 9083 7206 -5611 4530 1654 -3971 5853 1179 -2071 3015 8364 9138 2337 3190 -6633 3056 1433 -9555 -8833 8415 1519 -1719 -7013 -6749 5213 8684 1159 7337 -8656 7359 -4209 7636 -2029 5794 -9413 -1685 5379 6098 -6850 5596 -4314 -1516 -377 5227 4821 5962 -590 -3615 -2432 -3116 3013 -1404 -6602 -5623 2713 1093 1848 3218 
-7231 9219 2414 8936 -2356 5313 -272 7119 -7787 5707 -7840 3556 -94 6727 5544 3462 9366 -1559 8697 3270 -5878 4926 2793 5663 6834 6606 -4277 -114 -1469 -8862 -9002 -2484 -3532 871 8002 -4473 -8966 -1082 7147 4733 -9459 2421 -5212 612 -6788 866 120 9315 2093 3214 6517 -5385 -1969 6690 -4131 5703 -9956 1812 -8512 -733 -1459 797 507 8975 6126 -317 8169 -2458 3116 6617 -6003 2629 1121 -522 -2671 8396 7382 -8273 8205 9129 3873 -5332 -9420 -5126 2386 -7729 717 7629 6628 -1879 823 9173 4438 -6944 2032 -7052 -2522 -4686 6934 -8305 3775 
-3533 -6722 -4408 -4693 8608 -7454 3001 -4813 720 -8590 -5533 4262 -4811 -3124 9905 377 7553 8032 8578 5333 3929 4224 -9237 4418 -6141 -2224 -5156 -4484 4209 3236 -7401 -1692 -9820 -6201 4892 -794 -2761 -8796 2123 -4902 1100 9623 7399 -5536 -8387 -7870 -3236 -6490 5985 6801 2643 3330 8213 2535 -2893 1413 9818 -7614 9362 1632 -7403 -5712 5204 2781 -1155 5421 -9254 3407 2076 -2294 -5258 6081 3569 4661 -7880 -9770 47 771 -8788 3053 -185 -8789 -650 7576 3053 -3171 -5015 -2682 -9818 7509 1490 -2736 8726 524 9580 4542 8376 8879 5844 -25 377 
5807 5827 2302 1182 9461 7289 1823 8804 -4133 -6349 -8065 5155 479 -7186 4735 -9618 -5343 -213 -8768 -9825 8673 -1950 1875 9477 313 7717 7986 -3059 804 218 4917 6406 -7865 -2953 860 1114 9363 -5648 5916 8780 8009 -4221 -9975 -8602 -3779 7782 2282 -1742 3521 -5985 -5641 1468 5501 -2887 7784 -2436 -5147 -4512 -6413 -4195 -5110 -8481 5664 -5450 -468 5634 4595 -4647 5447 -6383 -6611 -7872 1182 1654 1373 653 -8708 -8521 -3536 -3187 -7809 -8714 -9700 -7845 -498 -6495 -3058 -352 2088 -8873 5070 7237 -2319 -1547 267 6246 2236 9384 -3541 -105 -3148 
-7995 -9097 7311 4859 4178 -8243 -1834 -8633 1329 -714 -7203 -8216 6189 -2353 8540 1630 -2568 -2281 3901 946 6973 -1604 1434 -8780 9439 5145 -3726 -7517 -1110 5547 -1261 7091 -9989 -7611 1244 -2588 -4873 1033 1803 -7871 9356 1937 -2047 9725 7264 7885 -1870 -5076 2251 7439 9310 -3439 -9628 -4081 4033 9445 298 3590 1235 9128 -7580 7166 3420 8866 8601 -4010 -5818 9701 -7550 -9145 -7777 -506 -6414 -8627 -9651 -7674 -2567 -8122 -2793 -4066 214 9179 -2705 -221 4779 -8427 7185 4727 9 2882 -5026 5514 6777 -7392 9776 1173 9910 -6194 5154 7340 2651 
-7703 4802 371 -6092 -726 -9246 3998 8372 -5482 -5746 4016 -1759 8063 -8194 9015 -3110 7578 4032 -930 -1450 -8025 5982 3354 533 -3342 5353 908 -7162 6361 3066 -4071 -6654 4534 7353 7522 5821 -5566 -9793 -2198 5711 -3392 -4154 9361 7445 -5465 9635 8233 3447 -9257 1951 828 7187 6535 5299 -5587 5632 6686 -2831 -1504 -2644 9167 -106 5766 2984 -4324 -435 2529 -8094 -9792 7152 4388 9402 -3262 -9165 5691 -4624 3369 5200 -6474 8643 -5679 3866 3988 -9329 -1039 -5102 -9293 4251 2712 8549 2734 7772 -5296 -5453 3860 -4472 1982 3967 3170 -7823 -1202 
4246 -5797 -894 62 2225 -7293 7805 4859 -5217 5926 -9806 -5697 6236 -8569 -820 -383 2778 8954 -2201 8352 3140 1413 1763 7410 -5689 5134 2205 965 -1352 8933 3886 2126 8000 -3954 7988 846 -947 -9007 3555 -5043 -5994 2298 -5159 -1576 5832 490 4276 -7033 -5700 -2787 7510 1493 1398 2688 1739 2630 1919 8884 6411 4513 -8575 3891 -9238 1392 -1867 7756 3793 -2946 -5643 -7824 -570 5098 -9144 7598 5212 5729 -8875 -8409 4692 -8055 184 198 1928 9293 7669 2229 8833 5033 -7071 7487 -7353 -7099 -6125 7774 -1197 -7222 7576 -3019 -8074 -9465 -9080 
2472 8690 897 -542 -3977 8340 -8311 -3831 -2554 4455 813 -784 -3101 1639 -4368 3617 -989 -7938 6563 3476 -7981 -6352 -4770 5936 6975 2321 3175 6331 -9003 -7842 -5944 -8313 -3109 4223 -499 4141 5423 388 -916 -8005 -7848 3148 5644 7544 527 7378 -6223 -7919 9816 390 -9383 -6167 -1342 7992 -4363 -5477 2691 -6792 -1611 -339 -4094 4041 -4417 -4600 3473 -7505 -2823 9279 -867 7964 7853 -8556 3127 3458 -4425 -7668 -7222 6726 1763 4027 -1049 -1787 8578 8062 -5966 5767 2463 -5333 -2426 9264 -6593 -1661 762 7755 -4552 -4097 -4170 -1254 3861 -4219 -6001 
559 5476 8962 1194 -2838 7012 9479 6458 546 4961 7338 3393 6990 -1729 -4131 -4279 9782 3108 8819 603 -8292 -6704 -7616 -8654 -3239 8177 9318 -284 -3680 5079 -7327 3205 6494 -3218 -824 -3737 5484 1574 2877 -6461 3876 -6442 -2337 -2379 -4310 6680 -940 2340 9646 4478 -9298 5872 -9412 -413 -2154 -5208 6573 9927 -5338 3198 -1108 -3786 8029 4302 649 -8711 3677 -2337 -7761 4562 -7857 5133 9159 1533 6109 -8344 7284 6100 -9309 93 -2906 1893 2392 -141 1708 -5546 -3781 2970 2412 -7057 8227 -5470 -1368 7719 -9165 1186 480 -4819 -7878 9596 9827 
8601 -3844 -6750 5654 4933 8774 1507 8784 -1835 -1357 4195 9819 4338 8138 -6445 -7196 -9743 1243 -5993 9867 -6107 -9376 3398 -7926 9943 -138 -495 -6095 -4598 8735 -2315 1621 1839 -9362 -711 3045 8185 -9596 -8731 8643 6192 -61 -6816 433 3921 -4174 3475 -877 9561 817 -3327 4880 6999 -5120 -8234 -7410 -8918 -3749 -3602 -1062 2315 -4302 -4325 -2557 -8530 588 5812 -7540 8165 64 -7733 -3782 -9401 9279 3346 1393 8408 -324 -5489 5059 4058 8837 7492 -2128 6326 3048 505 6454 -9682 -7564 8639 3810 5154 -7785 -2082 8604 -9280 -6016 5190 -8562 5345 
-7723 3997 -6597 -4879 7296 6784 -3394 -8405 7752 -7356 -2257 8034 8446 -7637 1862 5200 8140 -8995 7829 -5481 -6944 2648 -8768 -9647 2295 5181 7838 5853 8665 6679 -4539 6561 -4075 2190 -3118 -9629 -1575 -306 -3487 -1062 -1832 2872 -7466 -6857 -6137 9059 2914 -2856 7840 -793 161 -5785 2283 -6683 -8582 -2288 7048 -9403 7395 -4127 -9409 2667 -7769 9910 -1320 4105 -9042 7349 6808 -7766 -3562 -3350 -3287 5760 9429 -9902 -1606 7674 9259 399 -1707 -9647 343 -2812 1260 -7506 -1505 1521 347 -4195 5673 5394 -8055 9453 -8861 7520 -2290 -8772 156 -3130 9108 
1109 1785 1848 6912 -7273 322 -9410 -9051 -8647 -2260 1529 5991 -3048 8056 9363 -8210 -1311 1169 540 -8181 -7627 6836 -2498 -6625 -7184 5413 3607 9768 2648 3627 -4271 -1724 -1017 6670 -2199 5932 4372 -7526 8864 -945 -8937 6350 -4044 -2568 8648 -571 -3753 4459 7121 -3180 -5774 1873 -3177 -6142 2201 1379 -3566 -436 5683 -4660 -5804 -5573 4119 -3700 -9326 -8954 -2567 3271 -3336 5359 -8487 -7361 755 -7364 -6253 -2271 -551 9602 -5134 -375 3815 -5845 8598 -2880 -6446 7541 461 8779 -6646 1548 -3804 989 3374 3291 3879 1653 -7778 -9381 4262 164 -5832 
-7005 -1104 -5773 -7114 3800 -9935 2940 9734 -7185 5688 -3738 -9042 4601 7185 1207 -7213 52 4635 -22 9747 1607 5114 8827 1550 9863 2706 -5810 -8779 -2441 55 4437 9840 -7951 -3835 8019 -5713 1408 188 2841 3006 8187 -2879 5249 -2143 8218 -6222 -1275 -7099 9115 -7253 -5823 -8217 -4094 -1580 458 -2004 -688 3440 7675 -8083 -7577 9124 2381 8771 8260 3149 4057 -8932 -6619 -8308 7905 8204 3149 -1613 2908 -2077 3821 2651 4813 7361 7966 -5999 1073 -312 -6588 4211 2332 -475 -3793 174 -9452 7378 4635 -3183 4558 3239 5693 -4452 -3623 3170 6707 
-5708 -9360 -8447 4513 6127 5847 4990 4934 1336 7172 -2425 3809 -6720 6691 -299 -5943 9505 1039 -4664 -2538 -6277 -6647 -998 -3487 -8163 -4029 -2629 826 2166 4034 -8090 285 -164 262 7822 2525 -5648 4244 -3992 -819 3381 -1673 -5741 -5656 9302 7592 -7182 4245 -4082 -8658 2700 5459 -7823 8739 -4690 -6208 -5168 4971 -6142 -2357 7995 8695 7078 5181 -3273 -4011 -8887 -5146 -210 -1081 -3266 5811 -2512 6700 -1699 -9547 -2 -2100 3274 -8850 9841 -3247 6976 -3770 1947 4596 -8940 2270 232 747 -3109 -2707 3925 4781 141 2437 -1286 -465 -2518 1421 264 
-6128 -8670 -9571 -7727 9488 8239 -1797 8480 6047 2176 4333 -5527 801 1930 -9008 -112 6009 -870 -8382 9414 -1302 1549 9162 5636 3193 -854 -6847 332 -4412 -5559 7041 -4614 -6801 -6099 -4216 7550 -1310 -6486 -1002 1144 299 3144 7850 -8988 7951 -5173 -7160 9259 -6731 6039 5087 -6073 7001 -5959 -9669 -5232 -3496 5138 9462 -7806 -6303 -3743 9193 2411 3460 1370 7742 3880 -4406 5951 7227 -8281 -195 361 7895 9868 -8237 4320 8924 -7556 9764 9072 -9753 -8051 -4999 -6809 -6915 -495 -5893 2729 -128 4698 -1263 -4394 7438 7927 -7198 42 8733 -5193 5604 
8328 -5451 -8522 2613 1863 -8747 -6598 -5906 -5767 7807 -8224 -5195 -5484 -8618 6609 -8211 -3080 -214 -8405 -1016 7835 4587 9726 6539 5319 -2920 5756 -3360 -1913 5588 1126 -2361 -8856 3157 -8985 2288 -1342 9588 -2198 6495 7710 -5881 -7846 -7446 -4218 9371 9170 -6958 -7386 -2457 -9605 -6204 -3896 -3095 9854 -3854 -7952 -9617 6238 5316 2719 2840 9131 6517 -7136 1146 -3069 6841 -6394 7195 -4615 -4658 9267 2278 -8970 -5104 3505 3979 -4375 8195 -945 8459 8922 -559 -2272 -5772 -9756 -5645 -9777 -7895 -7965 -4486 4217 -382 4533 -1485 3629 3715 307 4405 -5463 
-4151 -8560 -3567 7975 -9186 8146 7369 1525 8279 -554 8496 1522 5960 9071 -468 -6112 -6614 9536 2227 -9721 -1767 4667 -6403 4580 1949 2210 6908 5103 5733 -3089 3348 8408 8100 896 -4388 3854 -7999 8486 -9893 8719 -9001 -7761 2337 4372 8215 -8277 -2176 3001 -5401 913 674 -9918 6714 -8774 -891 -659 -4932 -3891 -6162 9028 8311 4935 -9448 -4515 3526 9594 -7572 9662 -3015 -7857 -3677 -3149 -902 -7979 -203 8385 2275 8567 -191 -3549 -5639 -4562 -6558 1003 331 -2992 -9160 636 -8981 9384 2842 -1713 2159 -1147 173 -7898 -2165 -892 4941 -6568 4828 
1948 -8800 -2646 -2139 -7786 -4874 -6215 -3516 8253 -8475 -4715 -6232 -4742 -2877 1651 3100 -5875 500 -3352 6973 -8440 -2010 3130 6046 -2161 936 -4913 6790 6502 -6610 8245 520 4704 -8896 -5633 -50 514 5481 2928 -7287 -4066 241 -3301 3140 1923 -3730 -3237 2998 -8998 -4948 3579 -6411 -4369 6647 1124 2015 -7240 5707 1376 4106 -3213 -58 -5493 7815 4196 6031 7696 3122 -5292 3142 -4109 3811 5925 8976 -8089 -510 5223 1302 -8642 4391 4126 -5871 -4517 1768 5212 865 2262 -6644 -836 -6663 -8166 6634 -7305 -5256 -6581 4816 -5244 5128 8343 6316 -2684 
-2947 776 -6878 -8844 3270 8407 7517 -3672 -10000 -6742 4974 -3201 7692 -8886 -6491 -9986 -5466 754 5303 -1503 6761 -7445 269 -2115 -7856 -4668 7840 -1087 -4323 1687 9100 -2617 9655 -7446 -2783 6293 -9812 -6834 -6197 4577 -7296 444 5368 -8882 8246 -9020 8342 -4354 7513 9369 1157 5418 7319 -5958 -9983 -159 -9198 7474 7153 -9648 -9459 8967 310 3735 -1202 1556 -1538 4411 -1610 7372 -9306 -4187 183 -5325 -1647 2775 7440 -8088 -9351 2358 6787 8662 6795 6217 -8201 -766 7812 -3711 -403 1429 -5130 9018 -5356 -4375 -5694 -7865 -3970 1873 7127 -4702 7817 
8618 -4279 3647 5880 -9171 -3743 5087 -2990 1214 8644 -8133 -7505 7787 2744 -2386 1915 2210 -9580 514 -1631 934 -7719 3957 8622 -4319 8751 6861 5690 -218 1089 6569 1873 2728 4341 -8077 -9807 5789 -5113 -2958 -9869 5336 -8859 7428 2696 -7817 -8163 8261 6689 -4560 -6540 -6970 4797 -8507 -7599 5926 -5330 -5742 -80 2524 3159 6953 4096 -809 9946 -108 -3669 179 -929 6394 7658 8694 -6058 5599 1486 5381 4337 2293 6801 -6443 -77 -8278 2153 -8301 5973 -1507 11 3040 1545 -1335 2842 859 8807 -8477 3100 7899 8227 4475 9390 -6946 6995 -9319 
9073 -5268 -352 98 -7718 6455 2793 -5638 -9190 -8068 -4692 -6560 6909 2993 -5742 9912 5197 2397 -6412 -9439 -3202 -5103 -659 1411 -9310 -1518 1587 -6184 1250 2066 4151 -7055 -5877 -1683 6438 7886 3827 5149 -8433 9731 -6163 3739 3045 6839 4981 1438 8089 -3724 -9505 7699 -7222 355 5581 7519 -1768 6176 -892 432 -1480 -1142 7795 3098 4936 9661 1041 746 -9145 6976 -861 9489 -1003 1413 6439 7429 -6000 -7789 -6569 1576 2172 -8578 -9432 -8751 -896 7515 -9854 -1198 1673 -261 -225 541 -1338 -7871 5247 4856 -9610 8342 9122 6018 3730 2510 -3167 
-2668 -1124 3573 -3623 1883 -9050 -5333 -2572 -4910 8385 -5396 9067 2457 -7493 -3820 5970 8855 -366 -4057 -7315 6263 9815 4298 -4339 -5374 -9271 -3589 -4728 6936 -4447 -3836 -9072 8948 8164 -3076 -4380 5417 -125 -1286 -567 -4110 -472 -8099 -5264 696 5135 -829 -9106 -4865 -4189 -9426 262 6603 -8374 3 7474 -5563 -6379 -2855 -629 6446 1205 -280 -6560 -8021 154 9975 4610 -5280 -9206 333 -7072 -8646 -4262 -3442 -4769 1294 2849 -2567 -2151 -7953 -2077 -6159 4712 1632 -6788 8835 8984 -6134 2872 6578 -6589 -217 9339 -5465 462 5058 -7218 -7173 -6591 -791 
-2912 -4986 8542 -5707 229 -2076 3990 8958 -634 -2441 5024 -7742 -6590 -9379 -2536 6527 5116 -8561 9700 -2652 3970 4739 2626 -3778 -4396 6419 -2177 1812 2177 5532 1303 6029 -807 4625 5705 -8389 -9724 -2509 2536 3884 -1112 -5599 -9035 -4510 -7842 -3131 -5803 -3676 2067 3087 2373 9062 -3945 -6432 5681 -1359 -1261 5882 6381 -9239 -5050 4841 3299 -37 3904 -8243 4464 -4517 8036 1991 -6184 -7456 -7715 2732 9929 -8308 1421 -6821 -7394 396 1337 -5984 -7108 3611 4794 -2446 -2351 7444 2695 -2714 -5103 1090 -7785 1718 1437 -2315 5477 2567 -1463 610 9362 
-1860 -1525 -6615 -2091 -6125 963 8815 890 21 -7570 4503 2902 6666 -2842 4065 -1798 3225 30 647 -2480 -2918 -2370 9211 9668 -4276 5687 2923 -3426 5199 4985 -7993 1950 2449 8586 4465 -8893 -14 9503 2723 -1358 3782 -4867 -7834 849 8814 6904 5221 1612 4894 725 -533 6931 5515 2103 -9443 -7283 -106 -1904 -9027 -1247 7107 -3798 7948 -2536 4413 6449 -5728 8742 7056 -2073 -4491 -4424 -8242 4916 2919 -6077 -2207 566 -2142 7682 -5890 994 9654 6326 2506 2451 9351 -435 -3920 3726 -1816 -8106 -6548 -5086 -2719 -3978 -8630 -7556 -2180 1207 7149 
-9992 -2098 4543 6274 7718 8854 4275 2027 5909 3706 -9903 1662 1254 -6533 9777 -9975 -9205 -5452 6853 9395 8710 -8805 -1293 9112 -9021 4012 -1374 -9187 -920 -4271 -4105 7215 145 -9887 5905 -6609 2373 -8016 -5225 -5668 3209 4322 -3375 889 -4806 -9493 2725 -3080 6261 6365 6781 -4638 -2776 -8625 5596 -1056 -8453 9356 -4746 9138 7118 -820 -5407 -1082 1398 -1401 -4632 -8253 -5753 1755 683 3374 88 -4360 2910 3976 5777 -1595 -1793 4222 8184 9802 3270 -4177 7356 -8247 6784 8253 -6982 -1576 -7505 889 -7956 -2550 2614 -1798 9272 3056 3204 -1304 -4096 
9457 7576 3397 -8112 -806 8962 5262 6159 -9420 424 2546 3686 -8091 -6630 -3693 5104 -3253 -2893 -9711 -9691 -4953 6106 6835 -126 430 -199 3200 -2171 4935 -1611 3008 5534 2514 -970 -6906 8475 6638 9751 2761 529 1420 786 8580 -2652 -3214 -3713 3876 -7894 9239 -2270 3952 -832 -3328 -2226 3943 153 -4707 5770 -1500 1626 -8113 7190 4253 -2126 -2839 -4060 -1993 -4083 1345 8113 -6360 7945 3998 -1456 -5319 2364 9869 -7111 -4355 -5943 -4420 5741 -292 -9588 1893 6045 -2457 -2470 -1137 -5026 1604 8061 9712 -2731 -8348 -666 8300 -9154 -3787 -9341 -6304 
-2155 -6582 7865 -2558 -5891 -2503 527 -3364 -2319 2264 4141 -2081 6434 -6069 6256 8370 305 -9921 -1164 4608 -7211 -5144 -1802 5610 -1335 -8491 -4008 4354 -976 -2403 -9189 -973 2286 5049 -3545 5946 5396 7706 -2605 -1682 5708 -6235 -2710 2143 4846 1041 -3909 -8008 -72 -6228 5477 1106 -8555 3733 -7935 2769 609 -6537 -2835 -158 6510 -3504 -147 -2063 -8287 -2862 -6353 927 107 -8465 -9802 2360 -1616 6301 -8146 -5302 -815 -4491 7601 4262 7743 -2686 8136 4407 -1520 -103 817 4968 -1947 3194 6177 4651 -1646 4406 -4598 -280 -5396 -4001 7939 -7073 7160 
-9468 2879 -6036 -3185 5961 -55 1990 4283 716 7218 -2894 -2493 5229 3786 8602 -9118 -1744 3748 -1556 -1868 -9863 -715 -3333 -2265 4662 -7185 2442 -8551 -7965 6401 9664 5625 -7304 -1278 1881 -9424 -3591 9084 2536 2487 4233 9190 7981 5023 -7555 5655 -8459 -9665 -6850 4036 -7488 3953 504 642 -1074 -8411 -8325 -85 -1065 -7026 289 7951 -6569 9342 -3426 5225 5690 -8697 2004 9420 -2414 3233 5807 -3347 7941 7277 3178 5654 -5152 9562 4653 -7118 -7343 4063 4597 7405 -735 -9326 -1449 100 -3351 -9306 -3252 1170 4368 -1032 -2148 9588 4677 4919 9402 
-9232 -6194 2522 -5103 -2903 -2133 -9294 -2320 4171 -7873 7234 2104 -196 -7764 2874 -9733 2566 -8962 5640 708 -1358 -9373 -9783 -3609 1235 -8384 -1007 -8450 -1024 4110 -2891 -6382 -4231 9436 9788 4293 -7000 3144 -5426 6904 9633 -5015 -5071 -7895 -7848 -8332 3987 -3501 7413 -941 -6671 1465 6672 -6520 -8378 2700 -3319 -5594 2069 2863 4533 -6914 -320 -704 5363 7156 5149 -5993 -7765 4539 -668 8838 8688 7742 -1419 5206 -5475 -523 9388 5252 4177 351 8179 5841 8969 3717 5036 7457 8408 -656 -72 -7397 -5864 -6187 -5612 2082 -5507 347 -552 -2491 4736 
-3504 -7906 8557 2802 -844 4347 9374 -4608 -3561 7031 -3272 4592 -6024 -4074 1709 4974 2641 -3593 6099 -5805 -8055 9423 7022 -7144 -9133 -8040 -6749 980 6570 8304 -791 -8810 9117 -905 -1968 4527 3990 -6329 9644 5232 7172 5840 7854 -4466 542 1315 831 -1563 7638 4341 8101 5475 -4214 -3608 -8254 -7214 1453 -5229 5850 -6918 760 6321 -8392 1360 -4001 -817 -9496 1009 -6074 2070 -9822 1117 -1834 4663 9638 -9965 -8259 3193 -5440 -3301 8058 -3973 -353 8361 5622 -4645 -5272 -9516 4340 -1520 799 1605 -7952 1562 5236 -6251 -6246 -8198 8881 2916 8073 
9055 7417 5124 -8906 -9404 -6595 -7014 1041 -833 -3933 -9828 420 -4402 -7518 3219 -2088 -7234 9606 2925 -7562 8387 -4720 -323 -1472 9470 -7751 6281 -5812 -1568 4825 -7219 8512 -2403 4822 -785 -90 -3989 3660 -5403 -904 1493 753 -9827 7808 -6303 4473 -6017 -8707 5196 -775 -4915 -8995 2328 -6982 3634 8478 -3116 -567 1643 4853 5610 -3753 -5268 9719 -8485 7764 3097 -1593 1924 -6556 5799 -3113 5986 2914 -5938 8014 7272 -1703 -8524 -4170 6349 -7814 -8701 1550 7870 2135 -4265 3944 1500 962 -7668 -1848 -5931 5270 -2207 3238 5482 -2305 4978 6565 8154 
7593 8744 468 7956 9539 2906 -3086 6951 -1685 -9023 -1366 -2704 2531 -4015 5826 -7212 -8258 5153 5735 7259 159 -4641 -491 -1441 -1466 -5582 8595 4599 1653 9866 4271 3526 7210 7935 5009 -8276 2259 9242 5901 -6334 1110 5475 -5001 3348 5875 5788 -5302 5114 4208 -6879 -2540 -1103 -411 3933 -2837 -3387 -8362 -9057 4749 7695 4167 7197 -5441 2874 7536 -6284 -8065 -3331 -2411 -2928 5115 -9761 -3511 -1572 -906 2362 -4191 -709 -1663 -3401 -3172 -8016 397 -7448 4575 -3334 8592 6113 -4047 1389 4012 989 2219 1212 3740 9429 -2409 -1978 5379 -5264 -5994 
-2653 7758 -5151 -8567 5541 -9958 -3708 -4552 -2922 3478 -4580 -5358 -855 -4227 -9324 2147 -8773 -6675 -1837 -1257 6427 8983 1236 -4532 66 4878 -2671 -8286 -4453 1262 -214 -8149 -6475 8598 -3346 4281 2174 -245 8377 -3382 6008 2561 -4892 -258 2792 -9068 1615 9767 4366 -2847 -2297 -8464 -857 284 6625 528 1469 3871 -2650 -2614 5563 6857 3552 -9359 7322 -7029 9332 -8444 4829 -4532 9916 -5102 -2488 -3786 4668 -1328 -7444 3875 -2541 5168 -4919 -1994 4420 9345 7854 -3905 1902 1061 2680 6235 484 927 -7604 9121 2870 5724 -9001 2879 9574 -3633 -9980 
5609 -2600 -433 8668 8221 1764 -3595 -2719 -4170 -2419 400 540 1247 2616 -9484 -449 -5549 -552 -8506 4176 2079 -472 3098 -4525 1741 769 -6098 6345 -8316 4970 -2089 -4599 -2370 -6362 -5849 2874 -9129 296 -158 -665 -7802 -2299 -5722 4091 -3328 -5840 -3419 -2590 -5266 -8765 -3174 5316 3372 -1537 -4569 2538 -89 -255 8425 5165 -4584 -8663 -400 3103 8005 1265 -4788 5885 -9100 4117 -9914 2927 -1442 5427 -7381 8845 1891 4016 94 -5026 -8250 -19 5645 -5777 3701 3463 7235 4843 -6533 -6281 1344 6135 -427 9782 775 -6674 -898 2699 8601 4215 -9705 
1366 -6075 5202 8574 -1415 -191 9533 4899 9077 -4786 3583 -7596 3378 6845 118 5553 4477 -3505 -4919 1839 4592 6809 1516 -5254 -6467 -265 9060 3798 -9914 -4606 222 6862 -7517 4580 -3381 -2975 1905 -4457 -2202 682 -3303 8960 9350 -9785 -4584 7163 -9415 -436 1175 -2299 -5421 8394 8364 0 8204 -9968 4599 -3598 5806 5435 -4561 -470 -7585 -7756 9186 -1259 6116 -430 6362 9841 -2076 4817 -5050 817 4421 -1443 9698 8950 -7827 -8683 -7095 -2280 -5798 -6245 -4541 5584 1386 -635 4685 5657 349 -4882 871 914 -4264 8897 -1801 2991 8609 -6723 -2149 
4273 240 2143 -9746 5964 -7568 -763 4438 1725 -6859 -9804 -9333 -2776 7366 1676 -9134 -597 -7852 -7598 -9483 -903 4579 -8727 -5618 1395 922 -9117 -2173 -6903 8757 -9030 -8719 -4454 -8172 -1284 4368 8479 5601 -36 -1607 -7121 -1712 5390 4804 -4557 2680 816 -9979 -5585 6750 2308 -6654 -9008 2570 -5750 6667 5224 6049 -8429 -9244 2809 6668 -3933 -8542 724 -668 -6393 -1814 2261 -2229 1552 3280 6874 -7737 -6425 6382 3508 638 -1259 -1849 5044 -544 1141 -9390 -413 3577 -2161 7473 7919 -2883 -9492 -4486 -6924 4083 -3860 3091 8323 8464 7254 -9382 6042 
-7757 1321 9447 9407 7956 -6808 333 -9878 3743 -8910 6035 -2208 -5371 -3747 -8164 3128 3979 -6313 2169 2868 -1359 5026 9364 1236 9025 -3626 4351 9011 -7146 -5912 1450 -6953 -6650 4205 -216 -5573 -4307 4072 7749 -1927 8948 3787 2952 -850 3065 -2899 -4489 7684 -3635 -9399 4181 -4487 9032 6361 5275 429 5448 4639 5385 -105 -9827 6012 3341 5450 4977 -8922 -1821 -6748 7802 8062 -6164 4354 8127 -2965 6046 722 -2444 -35 -1765 9940 -4759 -8847 -9340 7028 -2008 4852 -7532 -1186 9392 -3066 7149 -4927 2094 -8700 -9493 46 1528 -8607 3116 4562 -6373 
7291 -7342 6414 4676 -8437 -2959 -4379 -7214 1335 -5102 -9763 5105 8383 -7525 624 1638 3627 16 -3724 -8424 -8893 8121 -5352 -6613 6486 602 -6263 -2806 -7561 9532 -3313 2395 1971 5340 -4240 1671 -8213 6063 3805 6601 -2782 582 -5177 -3731 9492 -6281 -7558 5513 -6871 -8492 8486 7809 8552 941 5407 -8534 7330 4268 -3364 -5623 -1869 -1174 -7905 -2867 8465 3064 1189 -4026 5933 -4199 6994 -1246 -368 -5349 -8814 -4750 -5041 -9318 6582 -7634 -7084 -2531 9056 -3834 3057 214 -6045 2868 -3461 5757 7858 -6764 -5475 -6005 -3503 -4389 4836 1066 -7008 -3206 -4953 
-3502 1073 -8847 -3727 5869 1160 -4217 7337 5497 -7934 -9496 -9434 -2452 -9547 -370 3834 -5308 -8920 1025 7925 -9263 -1965 3108 -2365 9213 -7202 1772 3544 1932 1683 -4872 -9728 -8693 -3961 9431 -1920 2743 -4479 503 2113 3700 -1591 -3160 -7877 -9892 7555 -3304 -725 -9916 -1379 -4117 3537 2703 1689 1017 5227 4996 2629 -7021 -5487 -1336 2300 2976 1986 8777 -7931 484 -5930 2774 -6481 -1980 -4861 -7418 -3405 -1451 -5101 3330 348 3645 -6681 -1646 4344 3259 8050 -795 -419 4419 5796 -9271 -4903 9613 311 1730 -4229 7797 7960 4347 5019 -6194 6123 2968 
-8217 5490 2331 -9219 9678 -1208 -2371 4221 4061 -8939 3786 -4697 -4337 9969 -7490 1445 6055 9636 9002 3563 6304 -8108 -5089 8509 -5353 -2655 3270 4191 5873 -2080 4889 -6230 -2837 2188 2818 3286 3518 8023 2178 -2722 574 1181 9993 -3440 -8551 -4814 8560 -2982 9429 9403 -8133 -897 -1630 -5708 4545 -6628 -2 -2785 4545 -6124 7961 36 4664 -4081 -6036 2461 -5380 2037 3669 -2078 -3796 8422 6406 5060 4465 3838 1355 -409 -2476 -9211 5402 -4344 -1756 1642 2039 1140 -6956 -6244 4133 -6239 -8434 9123 -2864 -9541 -2559 -6111 -9323 2683 2325 -1675 7711 
2468 9955 -6600 -702 -287 -8839 -8087 -4364 -9190 9391 5982 5008 -4066 -2041 5509 -6880 5288 2097 -4254 4749 8482 -4926 5157 8575 1455 -5570 6280 5440 -3407 -4391 5286 -9348 1314 -8745 4011 9171 -4885 7068 270 -6566 -7938 5449 -4549 -3049 -9014 -1337 8070 -8972 229 6743 8729 5964 -1926 -3331 -9927 3061 1644 539 9532 -7103 9871 7742 3061 -8912 9279 5548 8236 6256 9360 -4959 -4545 7391 -6031 9654 7965 7410 -4198 8321 -6143 -5082 2547 -3000 -5098 7437 4633 -6147 -3990 7587 3836 5370 5953 5839 -4807 654 -4092 -8816 -5073 7383 -5639 3401 -8601 
2755 -4069 -9336 -3411 7011 -6562 -2606 4898 -8729 -1473 -1246 -7372 -4754 7390 1322 -1808 2059 -5142 1321 -7487 -2561 1569 4167 -5751 1791 -5877 -8843 -2762 -7898 9166 829 -6196 -4741 8122 -4437 9805 -1801 -4877 8087 9850 -8539 6791 -6967 -6412 6090 4060 7482 -5768 -5769 8904 -6730 7357 -8979 9866 -214 8928 -1183 -5012 7987 -6338 -9355 -3374 3146 -3940 7034 5501 -748 7705 9197 7996 -1127 2697 5918 -3368 -9732 -1480 1331 -8807 -5450 -6605 6948 9167 5791 4896 8396 9087 -5650 4620 -5840 -8942 1568 5627 9719 4103 9303 -3126 4439 9150 7172 -3869 -6411 
5356 4854 -1722 -92 -6268 5077 -6254 -4196 -9732 7746 4394 5126 7452 4028 -413 3541 7951 -8461 7846 -8876 -8620 -9588 -2507 -5522 6884 3230 6381 9266 2027 5098 -532 -7442 617 498 5681 -7093 -1044 -6712 4111 2743 -2133 -5702 -9514 -9597 -6683 -2343 1737 -7041 4340 1812 1758 -1330 3729 -7039 2423 1144 3173 8702 -6908 -3366 1612 7379 -5899 6195 9522 3684 8918 1620 -9412 -2842 6613 199 4564 8684 -3412 -8857 728 -1279 -2184 331 3070 -3199 1409 7393 -9172 7565 1890 9615 -9526 -5673 -190 8907 -4481 7623 -5218 438 -907 7638 -2278 412 2490 
7891 -6093 -2718 5637 -870 5589 6188 9907 -2084 -6896 -5451 -8210 -9323 7651 3605 -4961 -7348 -5499 -6608 -2206 -2986 4024 -4246 4061 7522 5592 2419 7614 1970 2686 6135 4251 5018 -2286 263 -7423 -8876 2779 6813 -7639 9148 1382 -1245 1414 -6086 -2698 9904 7963 -6221 -663 -5881 7781 7173 -7113 -8139 3511 -4748 -2546 5908 -9010 -8049 -1746 -5880 2501 -6504 7613 241 8694 6327 -5069 9109 8999 -884 -8819 -1645 6726 2379 1962 3016 -7501 9418 -6375 -2214 9356 -7243 -4968 -8508 -9055 5604 -6750 1817 1295 -7924 -9794 2606 6860 -714 -3977 -9851 5137 8873 
-5583 -1776 -1931 881 -7028 1934 -7928 -1741 1104 5564 -1249 200 -9010 -3648 8274 7764 -9924 2544 -4170 -6423 2286 3684 226 -409 -5663 4880 8341 7115 -2908 -4037 -2851 -1806 5831 -68 -9614 -2287 836 8672 7603 -1143 -5023 5374 -8261 1887 6433 6208 -3639 -2482 -5572 8064 4167 8410 -3664 -3613 515 2313 -5183 -76 9021 -3183 -5912 -996 -9443 6459 5171 -292 6537 -6564 -312 -5193 2259 308 -3774 5719 2418 -1363 3652 9092 8860 -2769 -2394 -2295 4403 9910 1403 4635 -9781 -2878 -9354 -8282 -411 4784 -183 6336 -3527 -3768 4750 -4308 -7233 2874 -4295 
-5906 -6836 -6222 -594 8568 -6600 -9498 -4633 -4808 -168 3911 4582 -7720 -4268 -1555 -2319 -6917 -5408 -1050 -835 7533 -6979 -1047 1103 -6006 9408 -3473 1081 -2647 1243 246 6507 7920 4420 3914 -5986 5808 9142 8342 -1759 -9284 -1991 -8381 1057 -4783 -261 -2789 9556 5833 1386 8631 174 4710 4137 -2373 4549 -5980 1642 1999 -9141 -1304 6426 7901 -5596 -8479 -4441 1531 5355 1368 -8177 -6237 -7606 -8378 7700 9470 -7914 7720 654 2696 1910 -1554 8045 -8662 -4034 -1419 8548 -4146 -7385 5117 3955 6840 4344 9551 7494 536 5989 -5550 3581 -4733 203 -2761 
-322 5822 7215 -4409 9439 -1358 3681 6589 7935 -2555 -781 7405 8076 -8731 9038 -6278 1253 2602 -3169 -7015 5862 -485 2681 3597 5264 -7225 -4387 1742 6379 -9623 6054 -6649 -9751 -4962 406 -645 9810 -9306 -6258 -2833 3349 5953 -1922 -5166 -8788 -1480 5931 -8955 5926 -8982 -6831 -3983 -4250 -8882 7537 1204 2470 5772 3221 -4872 1296 5986 -7242 7030 -710 -1438 -2817 -1680 1087 969 9464 -1059 9331 5427 5708 -3561 3380 -6592 6036 -7605 -5346 -4344 3572 5529 -5175 9172 7387 3998 -3009 -8454 -5612 -9884 -9453 -7032 805 9685 4362 8240 -4366 8033 -4640 
243 -1762 -2253 -6868 -7506 -6513 -3559 1746 957 8812 6111 -3481 -9015 7136 4879 -2875 1849 -1491 -8289 -5728 8309 2242 -9432 -8159 1413 -1522 -6242 -8611 4943 -163 -8802 -8911 -1338 2328 5752 -6758 -5013 -4652 673 -6233 6114 1144 -2502 905 -1496 8968 5985 -7829 -7486 -8733 5870 2221 1010 -516 -9073 2360 -1582 7007 -9938 2199 562 9132 7870 1195 7159 3431 -3483 -8334 -2171 -7948 -9785 1129 4842 -2710 7327 -7722 3612 -3494 9077 3376 -829 3216 -4137 829 3245 4892 -6583 2776 4903 2882 5406 -1758 -4372 5091 -9279 2957 6141 -1611 -1097 -3107 8118 
-3661 -7695 -540 -5960 4344 4054 -8434 1965 7362 6149 -6331 -3159 -1215 937 4831 -7580 -8107 8968 -9957 -5562 5773 272 5713 -7037 -6897 5411 260 2756 903 2933 -4566 6706 -4937 -9524 7226 -4728 -6802 1794 3673 -3003 9347 2556 6874 488 -1090 7356 6455 -4657 -5441 7987 -1887 -4948 -1601 1304 -410 9054 -3370 -176 5535 -7945 2661 -5417 -4696 8023 -798 -1323 8589 7260 -4121 2864 -4798 -781 -2209 -6551 -1907 9816 9908 3947 117 -2058 949 -9873 -693 2749 -5835 4788 396 -7937 4052 -5996 -1690 -9474 -7137 5460 5585 8309 9970 -1583 7395 5696 -9180 
-1414 9900 -8828 1255 -2302 -3936 4329 -7235 2827 8781 -3513 17 -2451 4137 9507 -7455 45 -2799 7600 -7498 -7913 1803 8321 -8998 -3383 -9913 8189 -607 6530 -3352 6051 -3367 -5479 -6680 -8433 -5301 1329 -8462 -2249 -9861 8482 -6179 7433 1918 -7184 3554 7049 5925 -4106 1292 5346 -2226 -246 -5257 -8343 -7234 -8465 7661 9867 -1851 6795 -5680 4841 -6300 6407 7649 -2996 5767 8040 1518 -1261 6823 3663 3528 7445 8891 8172 9493 -6784 8169 7421 5739 4853 -4287 -5123 -4836 5412 -9862 3735 8012 -3916 59 9605 -7594 5266 6578 -4000 -9015 8622 -5149 -9041 
-4778 3980 6797 -3254 7664 4667 7309 -5628 -5325 -6496 -9303 -4463 1525 -3335 -2786 -4278 8346 -5796 -9886 5313 8651 609 -8522 -6088 6790 -4288 -9195 1337 -867 -118 -6040 5570 5742 8789 1565 2836 -7302 7724 4952 4869 2496 3886 -1946 3191 9875 -5201 3045 -3805 9752 -5654 -5858 -837 -8629 -5339 711 -9169 -7728 -2976 -4244 -7061 777 1867 7171 -3194 -5621 -3485 9499 -3591 7506 -3366 -1273 -774 5387 6469 -5952 -7919 -5097 -9701 211 -137 -1843 -7768 -476 -8492 -2153 1518 4157 -7041 -5686 -5452 9034 -6744 7453 -8520 7338 3956 2514 -4328 3998 -4615 -659 
7621 5526 9692 -1406 2365 4047 -1545 -6414 5027 8490 3120 -7678 -896 -1495 -2093 5210 -851 8450 9341 -5722 -8908 994 -4976 -9412 -1931 7804 864 -3802 -7476 -1012 6403 -6963 5014 -6763 871 -7675 -4463 5511 2234 4961 -9173 -8993 -1887 -4294 8485 -828 -5706 -463 -550 -3198 -7801 -4940 -6188 -1989 5773 -6488 -1380 -4629 -4590 -6368 -7567 7353 -517 6265 6322 -9825 -2096 1109 -9295 8297 -2869 283 8856 -5171 -6134 1306 -8491 9368 2381 363 -3259 2674 8946 -1607 -2544 2784 3843 -8343 6354 -1415 -2466 -4199 -5767 -5003 4798 3053 -8204 -2004 -5248 -5684 6533 
-107 -7595 -9627 6391 -1022 -677 4004 -8744 7003 8542 -2996 -6866 4506 -1949 9157 -3843 -4396 6463 8608 -1160 -9008 -621 7603 6204 587 -5055 -2631 6656 6595 2297 -5603 -7778 6932 -6282 3445 -8713 1525 1955 2979 -8257 -6271 -7253 404 -5003 7633 8213 7462 6936 2705 -8131 8008 2607 -9342 4115 8112 -5916 8768 -8329 -1956 -8990 -9808 18 3699 -8496 982 6436 -1825 -6615 2691 1217 -8500 -6926 2225 -3345 -3157 -1061 1835 -2474 -1255 -5342 1956 1793 7512 5042 8909 3869 126 -6633 4360 7684 -7779 -4441 -299 3188 5329 -8032 2693 7525 -4533 -9833 2395 
-3428 6782 3394 2038 1712 8377 -8637 2527 -7740 2682 8474 405 -838 1896 5281 3660 7748 -965 8192 -310 8978 3568 -3087 -7586 1564 3191 2050 1921 -1752 -7326 8784 7942 4982 9481 -8317 -2671 5198 -7396 -1540 -120 7211 -3878 9575 -6601 5440 3401 9570 -1315 -4576 -5267 -8993 5930 3471 -942 6535 8939 -7060 -3505 6636 5367 995 5945 75 -8001 6503 -1461 4915 -3982 8426 -7026 -636 8459 6090 5884 6048 3674 1823 2813 1765 8014 -9542 9854 -4539 4362 -5918 4870 5793 8094 3474 6456 -7252 1870 4324 6252 5824 -9513 -647 -3065 -7622 7913 3869 
510 4936 -1515 -2684 1387 -8962 4467 8938 852 -1709 -4430 -6411 -4998 -7980 -1669 -2160 6041 -3797 -5074 -4643 9015 -6051 7691 -7496 -7527 1988 2333 5116 7843 -9039 -2015 -9070 8516 -2443 -1482 7008 2208 7765 6593 -7070 5093 4657 -1019 6910 2501 -6607 -3163 1969 -2404 83 -4048 6606 -9925 -8532 7660 -9860 -1071 -9680 -8197 -3308 861 5377 5025 1714 3876 -628 939 3292 -8495 -4909 6735 -2434 2971 6891 41 -9052 -8504 5381 -9045 4867 96 -5052 7927 -7868 8179 -9097 -5574 -6816 -1704 8205 -5893 7019 -327 3303 3448 -5862 -7579 -8002 -8493 574 -9973 
6099 -4626 7714 -4076 -8320 -699 4938 -6263 374 -528 -9137 6239 6591 6074 -1668 1782 1885 -2560 -744 2655 3133 7687 -1001 -2161 1744 7113 8464 2841 4622 6114 -2905 4767 -2872 4785 -5195 4229 -9091 -7386 5923 4559 4420 -5062 -6567 2577 8595 6392 3152 -2617 6822 -4365 6591 2033 1780 -4609 9708 -7778 -5701 -3244 3671 -8395 1227 -2403 2052 24 1623 -6270 7234 673 1 9144 4403 -1602 1387 6112 -4723 -1599 -103 -5297 -8453 725 2326 9304 -3034 1084 7060 -5100 -2123 -523 5404 9212 -7543 9661 8605 759 2543 -5715 -3367 -3338 4314 7192 3477 
-6263 9355 -6288 2476 -5387 -1785 8193 -4113 -9055 5781 -2514 8628 -9896 9006 5244 1074 6198 5255 -8585 9251 2741 -8578 -8775 -609 -6278 371 7105 -7614 6129 -2426 1322 3089 1374 -9831 759 -9032 4176 -5327 -6446 -3286 -7487 -4692 3810 -5409 9192 5143 8007 205 3712 -2397 -6573 7271 -5885 -3268 -1992 7140 4372 -6845 -4592 2202 -7053 7361 -9643 -1205 -3621 -131 -9630 4128 9590 5521 -1145 6357 4208 -573 8926 3499 -5764 -3583 -1843 -9912 6256 -6558 112 7515 2174 -9759 -7170 -451 7346 1278 -5507 5421 -6240 5696 4735 -415 -3045 -4492 -4480 3560 -4161 
9061 -9820 7609 -6192 7430 -2344 2983 8293 7495 -34 8927 -6343 -2235 -9869 9037 -2378 -2916 -7436 6944 -4157 -8611 8920 -9089 -7165 -5355 3415 -4015 -2032 -5586 1973 639 -3409 3849 9382 781 9091 -8100 -5412 -1070 -9470 -1914 -3046 8903 4359 -5902 -4181 -1547 -4600 1712 3342 -2938 6961 -9645 9000 -6168 -4498 -93 3131 -1749 -5550 8560 4125 -6301 3414 5730 5818 6320 3475 6364 3761 4333 223 -5033 -5282 -8299 3971 989 -4873 8358 -2750 -5119 8439 -3040 -6370 -846 -8079 1048 8706 -8349 -9377 3716 3334 -2501 7906 -3802 4370 8 2024 8407 -8507 8846 
9463 6591 -6571 -4598 -2010 -4363 6714 7270 -9316 5231 -2931 8098 -7215 6689 7478 -8582 -2961 176 -2417 -7471 -5004 -8777 3825 4974 -1441 -8592 -931 5705 -9937 3840 -7755 7489 -1847 -4902 -2039 5994 -9381 4088 8469 -5982 -2872 -6055 -7620 -1093 -9592 -8337 -4697 1735 9536 -3454 9425 4400 5055 8334 -5365 3109 8145 -115 705 -9031 5560 8050 5466 7227 -8060 -448 146 -951 7802 -8795 5698 -8574 -4025 2867 -3555 9804 5403 4441 8304 -3329 3614 -561 -3221 6612 4627 9532 -2507 -7385 -1204 309 -4857 -6253 4571 -6453 9685 7684 -7838 -5601 2041 -3805 -3097 
-9701 2195 4076 6655 -2227 3982 4837 2530 4075 -1679 -4405 -7353 -3644 -1825 9467 -171 -5866 -7590 -8589 8996 -8496 5984 -9172 419 1816 4390 9845 -1059 6617 8961 -3632 2041 3326 9695 -2774 -100 8061 -5315 -9800 5098 9796 4439 -7276 -7275 -5547 -5099 7416 4016 4680 5183 -5399 9837 1223 -8562 3334 5203 9286 548 -405 -670 -1426 2815 -2460 -5808 -6057 1550 -7286 -8443 -7793 -7302 1579 6988 -1787 -4235 -8471 -4315 -3811 -4552 -1090 -3235 -1369 1103 1260 -7873 -9338 940 -1706 262 9139 -1930 2219 8127 1452 6360 -5430 -1847 5490 9668 -6822 9184 -9170 
7635 9961 4677 1590 -6775 8359 -2638 6692 6395 9092 -5805 -3497 1921 -5665 -9494 9677 -3550 5275 -1956 484 -4474 8996 9865 8242 -7871 -9421 5432 -4888 -1461 1147 -1058 1099 -8025 7024 -5154 -5324 8373 -7543 -9679 5461 777 -4276 -759 -5408 -3646 -6259 -3219 -5796 -9916 5839 225 -6087 3174 4215 9652 792 5734 3245 -4326 -9945 -8823 -5885 -7560 -7306 -44 -7228 2992 6847 -9351 3591 592 6800 7751 5033 -3685 -6247 1321 -7814 7125 3052 -2729 8662 3586 9710 -6907 -3536 -3749 -1779 2000 -1997 -582 1676 9137 -3876 1281 8856 86 9198 4955 6416 -9709 
-965 1320 -168 -7854 9752 -8675 3490 8294 -347 3185 5903 -4410 -9609 1254 7609 -1051 -5726 5239 2309 -832 -4420 -4790 5703 7666 5625 -5595 -5500 1713 6425 -6738 2350 6983 1527 8264 -4991 -5852 -5148 -9583 -3630 -5408 -7748 1935 6541 -2758 3656 -5344 -1678 -6091 1051 5965 7387 7225 -4465 5402 2138 -8534 -9305 -114 -3646 7225 -9917 -8843 -368 -7532 -4919 6849 7477 -7200 -2230 -4673 1296 6304 2714 -6957 1599 -8292 3015 997 687 -539 5713 1626 -7928 -6678 -2623 -9846 6665 13 535 5299 1966 5540 275 -9812 -7570 -4893 -6105 8674 2607 -2655 1174 
-117 -9823 5741 -6677 -2907 -9161 1718 2390 -231 3986 3498 9940 1366 -9683 -2235 -6855 -4165 -7720 6997 -7792 -1970 5328 870 248 8196 -8601 -1644 -3237 9691 -8637 -1798 -9983 8136 -9376 -7571 -3657 -4919 2167 1504 -630 1050 9714 278 6400 -4657 -5175 3534 6165 6957 6911 -7121 -6716 -618 -3285 1650 7226 7944 -2048 -3974 4586 -7179 8006 8784 1482 -5398 -5428 -8230 -302 -9368 8019 7823 5659 -3859 -180 -5233 -1415 7829 6323 -8454 -7025 1212 2594 335 -5928 3967 -3008 -3205 -8361 9799 1824 1841 -6140 8175 -3003 -1331 558 5842 -4097 1199 -1152 6527 
9498 -9501 4485 -6967 63 6810 7332 1961 1068 -9543 -7008 504 -5163 -7523 -160 -2905 -5373 9658 3445 2197 -4120 -6541 4810 8717 -9893 7104 -1082 -1334 -5076 5525 -4898 9542 -760 56 -1867 8229 5860 -7963 -815 -1643 1148 6879 5212 5014 6910 244 -6594 6460 1684 -9495 6514 3813 5017 8351 -582 -7950 -2806 4371 8923 9487 -4874 3031 1784 -9954 1496 -7194 522 941 4616 5251 1439 3947 -9257 3287 8310 4872 -58 5061 -5368 -687 -4913 6814 -3192 -8016 9852 -8332 4635 4690 -138 -1779 -6561 -5572 9304 1047 5671 3583 1884 -1153 2806 -2928 -571 
