25
-5161 9498 -712 -8687 -7032 4189 -9263 2964 4886 -9755 -3739 -3314 -8270 5982 994 3327 7380 7930 -5933 1911 80 -2021 1170 8857 -1593 -327
-1009 -1788 7655 -5411 -56 6135 -4573 7511 1915 -3539 -6766 7306 303 6948 -4164 3858 -6022 -6106 -1681 8175 1036 -8096 -2948 -2656 -9082 8948
7037 436 2043 1075 8114 5683 5282 -1467 -190 5294 3453 -9225 5150 -8525 -9595 -7063 -8301 -2514 -6764 -1034 -8858 
1182 -4291 8676 3443 4496
-5880 3130 9635 1175 7782 -3937 -2260 -4240 -5770 -6710 2154 -6742 -9849 5958 6661 -8994 3343 2357 -8549 -5660 -1723 2126 -3198 6539 3785 -2433
1033 -7468 805 -9400 2911 -338 3463 -5183 -6452 7129 7229 -4929 4197 -9660 1377 6480 -849 -4869 -5100 -3503 -8777 
-8724 -4871 6437 4543 9419
8570 -4091 2971 1726 -8188 230 6947 6381 3823 5642 8484 -8681 -3812 -165 -7113 7690 74 -8543 9792 8043 802 -3216 -5215 9182 -9580 -2839
7207 -7614 -182 -2658 4749 4997 -9576 -8693 1403 -8677 -2616 3759 -8190 7986 -4624 -6774 1837 -8169 -4338 -7260 -9013 -9050 -990 -6589 -2746 4316
-9317 4525 7549 1452 6372 504 1631 7388 8636 -7495 3408 -8729 -5806 -7349 8011 -244 8357 -215 -8645 -576 2788 3620 -2790 -8964 -2494 -5507
-3533 -9476 -6467 -7288 4449 8826 -1189 -2905 -7526 3593 3290 5141 885 -9406 3939 -4310 -172 3351 1857 9308 4402 -3036 -794 -2565 -4401 5427
-1198 4109 -6100 -4656 6318 7085 -8040 -359 3470 8848 -3285 3967 -3322 4082 9322 -2019 7776 8469 -3486 -2452 3420 
-9793 1896 2898 -4789 -8417
-8688 -9826 -8654 5916 -9261 3037 2451 -6691 9782 9924 -7068 -3055 8481 3992 -9815 1270 -7594 1626 5072 8460 64 8291 -4060 -3036 6332 6334
5613 1204 1039 6288 -9865 3540 -3345 -8764 9476 -5351 -6049 -4999 4181 7360 4778 -4014 4081 -6543 -2792 -6166 8347 6040 336 149 -6838 5569
-6757 -1644 9824 -9498 -4340 4766 3598 -8383 5993 -8219 3838 -9322 8554 5867 8176 3731 -3376 2536 -5364 1378 -4390 4928 7115 -5067 9475 2712
5590 -2080 9625 -8310 4731 531 5704 4185 -939 -7946 -5603 -216 -5136 4377 -9136 -6733 9124 -5219 -7923 -6868 -6604 1356 1592 486 -3057 -9408
1400 2250 -2703 3404 -658 8855 -4079 1966 7148 3886 7452 -6591 8156 -3047 3800 -3581 7731 1486 -4251 -6804 -574 -4798 6761 -5505 6484 -680
1640 -3870 9778 -7667 -7899 4114 -5449 5518 -2079 -5784 -2626 -9259 -4495 8859 -9650 1391 -5655 -3130 -7409 -7530 
-221 -9363 8167 -1177 1053 8532
4035 4540 -6030 2238 10000 -5586 -3692 1986 815 9416 5516 -8241 -2495 -741 1155 -1177 6515 -2329 -8516 -9892 -4040 -8962 -1871 8001 8144 -2183
-5142 6574 866 -1323 -3170 5496 -8344 -2314 9376 -2456 6091 4320 5165 -4415 4854 3618 8203 -9875 2240 4737 -9233 1173 -7171 -3891 -2169 5079
-8255 1455 -1751 -6890 -7779 -2909 5125 9353 3729 -1751 -6856 6629 8060 4808 1171 -2965 1104 -1951 3897 -905 4580 
-4602 3908 6608 -2222 2756
7968 2532 1674 -1829 2210 9480 9136 2765 -4837 -708 -7352 1344 -3987 7106 6329 9074 -5028 43 -1214 9303 -8834 5420 1311 -3398 7969 -8977
5851 1511 -4717 8564 -2295 -3462 -4344 1537 -6342 2273 3321 -4067 6396 -7477 3060 8401 6346 -8045 4703 872 -637 -7939 3676 -1252 9599 1818
9852 -7806 -2814 -2457 3637 -9564 8443 7800 7231 -2828 -9821 949 6296 1572 6841 -1109 5580 9227 -2614 -6855 7418 -1672 9823 -9416 -4020 -5322
-1853 8398 8194 -2816 -4793 -2777 -990 -2138 -27 8795 -8112 -382 -8860 -5626 6334 9944 4936 8473 148 7415 9885 1016 3215 -9719 420 3125
-878 -8695 -9220 408 -7517 5601 -7702 5279 3060 -3730 5192 9049 4111 -7888 1859 -5301 2965 3875 -6871 7863 -5636 3255 -3946 -6664 -2393 -374
3595 2741 -37 -7231 -4574 -8255 -1755 4308 8434 8750 -4557 4038 7085 4628 4706 -4596 -671 -1600 -4655 -7288 1005 3299 3548 -4980 6561 -8806