25
-9054 1497 -1960 531 -8449 7130 -7124 -1686 -142 1895 -9196 -7378 -8728 -1529 4829 3441 9723 2089 1634 3871 7484 -4589 8619 9231 -3714 7536
-6774 3405 -3326 1578 -2462 9749 -8097 2856 4337 -332 68 -3164 2191 -7040 3073 -6451 8198 -2452 -509 480 -1342 8542 -4054 -9004 1428 -707  
-7945 5800 -3825 -6208 6369 8075 -3132 5852 426 -5490 -7777 -9881 -8318 -7452 2181 3762 9779 9775 3547 6372 -5926 7864 6673 -2277 7046 3112
-8014 -8109 869 3730 3543 -8522 6647 6130 -4871 1363 -8718 894 -1606 1254 -343 7267 -5946 4166 7766 1901 -9410 -5911 -5231 4271 3419 5984
3272 2100 4807 -6272 -8423 -8092 -5680 1220 6346 8161 -9258 6230 2056 1903 -5604 -3440 -4153 -1602 4710 -7330 1328 -3381 -3158 5786 3294 441
-9264 3113 -5586 874 -4390 -5238 5477 8529 1415 -6312 -7610 -5953 5981 -204 5727 -3207 -3641 -8307 7871 8048 1168 5515 6108 6755 2038 7904
6827 4121 -3273 3156 -8488 -7197 8799 -324 -5990 -2628 -8334 -8201 5092 -9392 6795 6577 -4371 947 6332 8569 7860 -240 -7019 -4094 -8345 8851
-9396 2557 3371 -4639 -1093 -6868 -1212 4595 -2761 5154 -6980 -555 1760 787 7669 7082 2213 5132 1616 -9708 756 -6355 780 2809 5092 -7981
8968 8388 -394 9301 -3304 7929 6827 -2438 -3769 -5409 -3698 6444 -3929 -9343 -6291 -5021 5724 3651 8152 -8698 4923 -5657 -9611 1618 7360 5244
-8020 -1628 3146 -2980 8965 7414 4460 -8363 5283 -7519 1241 -6763 -5013 -1170 -4596 -5686 -5209 -2516 -377 -6124 385 1231 -988 356 1461 6126
-1282 -3397 -9638 6155 -2607 4941 -8942 -67 6561 6622 -4053 -7207 -118 -1759 -5666 9455 -5208 9805 -9523 -2748 -1118 -7054 5748 -4742 1718 -2321
-3852 2392 470 7194 -2032 -682 6566 -6229 9085 4129 3922 6229 29 6506 2822 -1960 -8677 6653 1987 -7743 -7161 8196 413 7605 1443 8753
-6915 3047 5327 -9111 21 -1861 5325 -1494 -6849 -721 -3008 4482 -3650 -2704 -5278 -653 -8039 -8959 3036 9513 -2743 -8091 5925 3970 -9103 -1228
9000 -8229 7695 4926 183 -2694 -7524 2188 -7817 2417 -4413 1628 -4602 -5454 219 9320 -9527 5700 -3058 4961 8747 -8980 -872 8400 5312 8273
-4771 -253 -1348 -6992 -3459 6037 -3519 -8063 7312 -5884 -8084 -4823 -2691 1522 -6166 9482 4329 -1082 1776 5155 6909 -416 1010 -5743 -9893 6499
4889 4548 9591 -1398 3014 2845 -2492 -3752 -7620 -6726 -8594 483 9721 -6026 -4642 -7818 253 8514 8768 -6303 -4622 -4118 -6525 -1630 6855 2228
1595 5531 8522 4183 -712 -8521 3789 -6441 -5293 3191 -4445 -519 -169 -7766 -3871 -1116 -2504 -9650 4770 5690 -2598 -5033 -1000 3788 -7521 -2003
5955 1071 -7042 -1511 2114 -4081 3455 4243 -4066 -7508 9435 -7783 7858 -9512 5433 -1656 2610 -3265 4063 -5456 3705 -1125 -5081 7436 -5333 3370
1325 1587 -2608 1900 -3515 -8579 1022 1452 4766 6346 -6689 4487 -3886 4279 1705 -5516 -8052 816 -4518 -3481 -5780 3459 6906 -8722 9432 9841
-5975 -8421 4027 -3236 -6557 5576 8303 -4958 4176 -3869 -4225 8205 -636 -8861 -8533 -3785 323 -9198 7007 6389 6320 6877 6789 7670 -5242 -5896
-6738 2157 7167 1959 8705 7893 -2382 -2488 869 6934 -4719 -3611 1327 -8414 5990 -3703 -8432 2220 4582 3683 -7200 8554 4528 8273 230 2422
-4320 -9491 8200 -9491 -9342 -4559 -5351 1315 -4413 786 -728 -1376 -4811 -8730 -4684 6748 2061 7580 -9774 -5321 -190 345 842 3222 3746 9329
6628 -3025 -1375 -7455 229 -466 -2926 -9498 -4142 1932 -5721 1979 8255 -5845 9158 -9978 1936 -4328 573 -3529 3299 -2107 -7213 5507 6615 2841
-3423 3703 -8346 4636 1360 8690 -6097 -6703 -5911 -415 -555 263 -945 -7740 -6689 1698 -8181 -7685 -8150 -288 5002 8241 3300 4778 3616 3430
-8622 7222 7013 -1392 -1312 -553 7318 -9175 7688 -6131 8537 1708 7903 7696 -2325 -8062 -7657 -3646 2673 649 -3842 -4226 -1785 8669 -7394 1737