100
20550 -67414 39174 -73847 79674 -93973 -19892 -47661 43331 22876 -76650 -79613 -51244 -10280 -16813 -35290 -73521 18282 -40514 -96506 -61253 9354 -74789 1007 79107 -30347 13394 85796 98760 69044 -23197 -49618 -50515 6138 -32360 -1461 -58965 -51129 -77456 26696 -66975 86864 37979 -77184 48237 60957 -91082 -94134 -66780 81586 -11555 32985 -26149 -21584 -98074 62557 -13802 -30120 88171 -67886 37291 64690 72512 -92101 -78213 -15168 -1108 -77619 97793 63223 -38471 64752 69955 99425 -24667 96844 73821 1915 -55521 14581 -98917 81740 95739 -79462 -736 9074 -88470 22166 17272 -63174 -85062 -6112 -6712 -13778 84141 85550 66352 -18758 59157 16070 -38178 
57157 -38668 -33710 -68361 -83131 69506 -37146 -95924 72956 -42750 90875 26948 54950 -85364 -59868 13216 -27121 -87584 39592 -42518 -6423 -53547 36788 81163 99863 18051 -26896 1013 -16597 22006 24118 -66319 -46702 -95024 83853 15403 -15251 37874 -60080 -2367 -79508 -59370 11338 -8607 -36101 44300 93744 90736 79376 -81192 36149 -1880 30407 17491 -20867 23349 -55826 -5309 99144 -49995 -45029 -95672 59886 90275 43633 -20639 -52712 -86295 -35267 50646 -65781 81705 -19895 23871 -82886 -74231 98855 -76961 -26484 30298 -24289 90926 16700 74964 -51967 -42867 61232 -59879 1561 78413 38479 -25916 -77918 -74154 -1105 -68457 90645 -15668 -75473 25437 1208 
28981 -35967 3516 -20655 -77097 -23650 66659 33917 85697 -67155 -17645 -43276 5106 -79295 89652 4227 -76700 25844 -91185 -97478 -48504 25491 -71773 -91837 -55863 -90245 -18603 44608 -67574 30703 58204 53319 -82716 42455 91263 -20530 15077 65930 -5327 -42617 -89966 -88159 47151 73424 -91519 -98113 -35630 -38057 4553 88566 -98580 54482 -43831 -93121 -13767 -38148 -52042 -71613 -53750 30954 -68505 -88961 -3111 56715 -60671 -41068 14311 92880 86767 -86957 95064 -11832 4670 -13832 -1984 39280 -33876 38371 -27237 -20698 97115 50325 -97491 53858 44261 -68002 25598 -85917 60489 -39493 40497 68855 -56508 62216 -97668 -57795 -94631 -22438 -48372 -55878 -5968 
65270 -66380 -43160 -40996 -10766 84080 -63598 -47550 -73347 37615 69153 86169 70083 -88542 72952 49564 33791 -75643 36568 10387 -55070 -81971 -93991 -62534 74001 95959 -15083 26725 -5117 95279 36063 577 -32487 16062 77793 -29324 68142 22428 49772 -61144 -77799 -42039 49685 28316 14621 -38705 -67285 -24010 -85944 15562 -13481 -81690 -91708 32887 91948 6645 33420 16590 -74135 22490 -17625 62349 5062 -14388 -83200 69766 -90698 94797 53997 31312 -52380 87521 -84839 73510 -70736 92663 -98561 -88866 61598 48019 6621 24709 -466 -85725 -33093 -27138 69768 -86975 -86810 29217 -39582 22481 86389 9315 -82566 -4923 -66319 35753 86172 96585 96879 
-51810 54133 -2778 -57474 11266 56681 39946 -60015 -86380 -64182 675 -8628 21622 77150 -45690 -91661 83267 -39225 -87205 -68004 67001 61896 -693 4327 83579 22582 98938 -54967 -89529 30884 24592 20444 26681 15970 8522 -21768 -52496 15592 -86909 -47714 -62555 -79721 -61425 -19272 23225 78037 71562 -30855 20266 16895 21941 74579 43396 -91055 -70582 -30584 -22786 -63759 -2185 -38713 -50235 70398 42273 -8296 58835 60044 -70510 -88856 57985 83697 -2029 47518 98207 8387 94635 87720 -8428 -91498 85621 84331 -26802 -70116 68024 54473 -13410 35518 28651 88518 21526 37495 -83741 61616 -74314 37072 91287 71552 4991 -73340 -96086 -63284 59463 
49077 3075 -23142 -51295 -64823 -35506 74852 86697 -57502 4602 51337 89180 -65643 97747 49897 75259 -42836 -31239 -77319 84408 99442 -81647 60908 614 -6722 -36732 88158 -76432 -73241 -60051 83578 80545 8993 -17028 63395 35295 -51906 -87848 66613 -46 41898 -6878 73915 64518 95126 -25338 19314 -23464 85878 89820 -53247 89307 94851 -31311 61861 -65688 73748 -44080 -94568 -41492 9894 20240 -69747 -64772 -58793 -32307 -39157 94561 -52527 -39314 38481 -94665 50675 14078 98567 -16378 -62679 -56745 -1434 78378 16756 93701 88091 63693 22820 65423 -33786 -4829 36225 -27342 -66245 53370 27956 28347 -85394 -99020 -94028 -36891 54586 27216 44079 
-4151 -19883 163 45771 83101 18210 -96915 -85420 99459 -79553 79324 -26797 53238 -94523 72941 -98805 -68430 -3087 -94432 23937 73689 -89543 95720 -473 -62213 -68885 10555 66707 96163 -62019 58646 -94402 28302 -43845 -78782 -24316 11405 50160 89921 76844 47880 59091 42645 23473 -9932 -6477 13090 82972 -13243 -1488 -13777 19963 -48451 -15691 -69527 85784 -38815 44823 -97621 -31875 -49901 86627 -61340 -85237 62239 -65682 39950 -38666 -54262 -7931 55710 55861 -9460 9089 -86156 34151 -34476 -10419 53885 -11488 16624 16328 29908 65058 -36547 89489 71356 -15204 -14732 -53146 77613 19333 -86311 2853 -82851 40086 98946 -25847 53442 -72626 -31648 
4365 -72012 -3602 -49005 -46434 -12749 56370 -44756 71465 31251 94453 -12408 -41462 -60942 -51229 35174 -96646 43347 -34954 75046 61000 71096 -8130 33767 -99610 41552 60816 -30812 78524 26240 -24399 67442 27488 96637 -8434 35186 -27735 -53386 66481 69015 -34436 30527 -8584 83617 23599 27743 -44684 12277 -80530 36192 18713 21779 80430 9347 -10889 92884 53176 71950 95667 75668 -20059 -40450 27974 60547 -37529 -50408 -18782 22671 25251 75260 -1980 -25717 85399 83186 -21497 -15399 -73409 69474 -9381 -45031 -69580 72562 -13436 -91072 -29177 -13258 8371 51353 58105 2280 81982 84377 25276 -72827 -4259 64625 67402 94401 72748 -28079 -52929 
-96431 99103 54760 -1275 60968 -51716 20411 29974 -10717 22204 -78864 -78283 44796 -48237 49301 -98221 -99529 10706 49232 18169 -56864 -45057 -25963 -40068 -16165 -25141 -94781 37080 -72226 95852 28453 -87452 7530 82204 -71298 -60599 -10200 -88627 10949 36926 10649 -90883 28320 25952 -53126 79338 56 68545 46997 95137 82255 -87311 -89666 62988 -73412 71023 64219 51413 -92286 64874 45793 55015 47581 35099 43702 87228 31194 -35675 -65885 30961 7698 61503 41962 67497 97760 -83887 -84237 88548 64153 -17672 97526 -79356 -9786 10639 -70943 12823 89168 -6989 -92350 -46690 -19165 -90135 -65665 82110 50088 -63967 -7755 92633 -51527 -2124 -54651 
-28922 87164 49476 -32290 -964 -98618 -14311 95690 -31091 9607 21500 -15042 -50346 -69518 -62801 -45813 15479 -69643 65485 -27213 81590 -57483 38073 48840 -66601 -68604 92920 -21813 -35862 -34329 73801 -15585 -6687 -47148 38207 -25308 -54167 22422 6574 -31202 -93548 -68799 -53895 51716 42777 11846 -35214 -95599 -21726 53414 -64823 50790 71572 -51971 77766 -38090 -33344 -65712 -42966 -48444 41150 54033 35027 9679 -92859 -94212 37976 14030 -45338 -98279 -45166 -89832 76324 -39790 21347 1673 -22769 -71813 -71210 72398 42414 -77681 -33823 4675 -56703 447 -23131 39133 53676 -13090 -12472 -20492 3693 -82824 -71649 -59538 -79375 -76918 36178 -12865 49691 
-48386 -31051 -55939 -75949 85638 43825 37964 -24223 -55699 58162 86773 -31421 -38512 -20713 28211 -96517 39945 -67001 -94625 -31978 4442 -62830 -71652 43352 31890 -46862 -2297 30439 -27057 -31720 78527 86089 37045 28895 -74964 -48397 -64345 -14291 -51633 -30983 -12005 73585 -39370 73925 -62401 36323 -32697 4275 49013 41688 -85913 98926 -49341 32554 57026 -57928 24833 -92498 -11627 -41631 -35854 -86372 56350 -95620 -62118 -75885 97704 60218 -65376 84470 -91718 14206 60982 -21178 41808 -9 -62823 -8476 76852 -50740 63961 -92643 -47589 97673 -52402 62686 81568 43849 12002 42661 -77633 -99180 92517 90590 -1629 -72886 -6793 91136 6094 12504 -56284 
10272 83365 -33952 -79797 -18836 11033 74464 59802 29161 14866 -78595 23606 -17197 -95678 76484 -97586 -22688 -50652 59029 -74550 55551 -83290 48100 39060 21017 77638 -9155 -57915 -73171 9242 -62181 -77618 35737 88666 -68888 -79767 91799 49793 1944 -92442 77922 49056 13133 -35257 -35352 -8696 92030 9911 -36702 25107 -95507 57430 -47573 18593 -10715 -53284 89477 22960 83308 -37916 62846 -48127 -46026 27154 611 -21371 91666 25476 -69356 90192 91003 48611 -72072 -13304 16192 54561 -13824 -51591 14824 43583 -83771 16415 26089 14909 -63110 -75608 65305 22881 43920 -77986 -92189 -75342 -57593 62015 -62603 -70939 -66421 27508 67228 89587 54329 
12533 76720 95302 85622 -70256 57074 -59509 51621 -61731 -10193 4442 41744 9549 25852 -4270 -4172 -15683 -61950 -81554 -2110 -243 -56809 18121 -27064 -84013 -18497 89358 -30221 42411 -41746 64982 61150 -82189 -3357 94254 -37416 52097 57410 80143 83272 -42381 56514 63542 -87659 -11976 -7256 -59551 57342 -2213 6601 -22099 -71926 39652 -53510 68934 48372 67636 -17522 -34472 60596 -30486 30980 -59825 -28670 -75019 45926 99193 26747 39987 66606 18728 -79430 -58654 50783 -85206 24744 3876 -35852 -26281 7021 -63541 56382 83567 -31959 -29522 -96455 -47755 -90279 52483 36614 60370 -9540 80938 -53349 -31120 -19045 -951 -43238 92545 68607 83164 
-29330 66089 -80171 59200 -23205 64081 11860 -23801 36383 -1779 -69009 28011 -7100 82390 -32467 93125 8178 -2042 -43127 74988 -65291 -14146 27099 65517 62479 -84894 82706 22122 17015 89005 -39518 69644 6731 -11361 -8914 30595 30222 78505 24512 -50186 -64289 -99659 -98824 10052 3756 -75931 27070 -29917 -98146 93565 -41811 37597 -75156 -95194 -62100 -7462 -23101 12839 -45748 13470 34164 95851 65658 -45097 -83576 20152 -81915 92601 42103 35994 37783 -4306 99542 6947 -28970 56042 26545 -5695 98754 51211 -24863 -31523 75120 71647 -42868 11609 -66833 95770 -95301 -27729 13507 -49757 -3125 -12789 -13681 77774 10743 -80053 -86046 15834 15947 
-12567 -11369 92779 -8383 -98257 66443 24778 39097 9021 12516 97193 8749 9143 -1714 86477 8603 87416 -8841 65937 80890 -83988 -29594 -95634 -52729 -33979 -74479 46649 -85575 -62070 96167 12299 6924 85715 -88061 57060 -12108 -32028 12974 77450 91965 88819 -84322 55876 -64177 -32486 -33770 -76804 69482 77456 -84834 76002 -89928 -40235 29981 -42512 18240 42042 -61582 74457 52265 -27735 11752 60611 -84330 17121 65040 -66629 65711 -30944 -35537 -95035 -73740 52452 -54434 41479 -82026 82355 -12888 -7781 10283 14545 -96420 13162 71434 3873 31616 33824 -80317 -41888 -51798 -87978 -91611 13197 38360 47083 69545 -7309 67589 -65357 71313 93650 
67042 -32521 -15155 38748 -84777 -31475 -28879 51787 92686 14502 90594 -21218 57578 86468 32143 6545 -63055 50972 57529 -85975 95883 -5605 93331 -23915 -62578 -16073 75126 121 -29207 -94803 75556 49167 -21849 54720 35209 22808 80736 -32699 96622 82200 87292 -1424 52917 18343 -9232 93193 -87589 -68571 -95175 -42143 30379 75456 17995 -70108 -76676 37022 30546 19202 -71153 11333 -66310 37860 -94868 98096 -12263 -9034 84621 -24587 -14997 95046 -39245 -96597 -4315 -36738 53376 42267 -38448 12704 51355 48162 -92439 12822 -83176 56178 53977 16390 98769 -5593 -68341 92487 -71839 -87252 73425 90033 -78843 57203 8178 -33655 -12537 42682 86693 
-92100 69977 -34164 71960 48448 -26384 -49680 51800 -73576 80240 -7286 -20730 28862 82636 -21799 -36526 -86234 34526 87460 81302 42401 53607 36477 -79331 70470 61241 -11841 -28798 2941 -70161 12760 -47915 -35297 -62435 12357 -97614 13264 10623 -84990 -22371 16114 -34817 -71547 -71867 32935 -80132 44711 17391 55896 -53998 -20907 28992 45695 30039 92897 71498 76388 53797 34108 -27821 35695 -43193 72835 84611 19672 8555 -11237 -23233 -68295 -53842 -86925 21744 36062 -77044 -94610 -87712 -9639 -32346 -50516 54531 -52816 20173 -60287 -6659 51090 -78969 18681 63097 -75090 21768 92375 44130 27725 -80728 -93034 87249 67376 75824 -34630 91116 -38957 
-23294 -47241 56013 72984 -70922 -63553 79719 -29648 -2423 -2247 -72535 -98180 86017 -69423 -81118 -10604 46747 -68052 -34559 79820 94662 7725 -6123 -22147 -41826 80838 -82855 -70750 52234 -75816 -9967 -84813 -97721 66435 -46443 -38363 45880 41112 -79876 9374 -59603 58609 45896 -27671 -58451 4205 -38933 -882 -69010 -57853 -34859 895 -96524 -12937 32066 58235 72723 -65377 -82172 -92360 31944 -72130 -10698 19588 9339 22487 -35567 94242 -5517 46783 97613 -29068 4119 -86449 42134 68478 17989 -87083 -53283 -77617 1138 -37568 -23959 -24484 -20727 -87679 -70198 27411 25394 -33294 43311 60565 -38715 -79528 67683 -1449 -96889 -26592 -2903 9564 -66557 
-10610 55607 15690 -19857 -14308 -72801 7774 17872 95217 -52025 40153 -97576 62670 -24266 -20877 90883 -78068 49842 -33700 60304 -69402 -26472 70365 90358 96622 -61993 -68002 59117 -40319 71491 32338 94071 42563 -75665 39674 15917 48483 -45868 -58218 -5957 89676 -67493 76229 56834 -36825 -17477 -29585 92452 31740 40365 -54930 -11567 67280 -42456 97314 83578 3892 -93737 -34331 -50080 58120 -7372 -48933 -32529 71946 67817 -22579 55045 -5718 77331 -2301 73654 26703 -7585 -94794 76869 86921 -73371 -30578 -34598 66713 -23197 81916 -55236 -19788 64244 -97258 -849 -82411 17451 -87891 1326 -87376 48196 49434 38239 30352 -58769 89443 2063 54971 
-70076 -22590 -67138 -87724 -81162 49231 23760 96567 3473 28936 -46665 25450 24329 -35019 64637 -41184 -65140 -67874 -93571 57015 -13788 79943 -60673 14034 45691 -33811 24698 49139 -72781 86597 -93045 -96636 56691 -21437 92944 46792 -62662 90744 -98894 -80337 -23920 99000 -88303 96004 75612 -78934 60019 2773 -71458 -16944 -8456 10315 70780 -20508 -3647 -5203 26335 -41893 14911 -64455 -73172 57167 52507 -43401 -5299 -92343 -19344 -14670 -4873 -5211 -16483 23905 59767 -46175 -2529 17435 39091 -63822 -6991 -90123 84815 14673 -60647 -88637 49127 88423 -72437 -59623 -82341 6670 -78549 46998 21279 76736 6639 -34211 -7720 -59171 53097 61550 -36921 
-72176 -35565 -14548 76708 -78377 -1244 93074 -29374 -25758 -88952 2110 52726 -95842 -53265 54096 85940 73245 95749 -9975 -8817 38284 -7273 39634 42930 -68084 -37134 23210 64045 -48815 -21755 25578 -95408 4484 -66357 41962 1537 89385 63106 -60686 50978 -36609 41075 62587 -63438 15697 60498 76291 -92590 -85565 -88020 -22078 -9738 5735 -45709 27284 -10715 52360 56844 -54093 -68812 43705 27596 -19440 67438 60441 39786 -63631 70746 -24800 -59337 -85900 48868 -22069 -61693 9088 64268 -78969 26918 -799 -79140 -88812 -18463 -78089 17548 72246 9895 39055 -1016 25833 92471 53303 85086 14753 -59830 -6589 -93854 -17579 58057 53072 76107 74059 
3363 98715 72421 -78999 -36342 -92363 36418 85486 20286 -43392 58691 -95459 -33106 -5537 -32508 33609 36714 -74311 -3585 -52588 58577 -75559 -1908 89633 -37983 -70329 40276 73049 49592 2038 60656 -98464 -30234 -46700 -79340 94090 -60287 49680 -20101 -25601 70084 37917 18572 61579 4060 -27980 14660 -74567 -12695 51805 -15625 -45278 -53115 60033 -59766 11784 68925 9950 2038 -49349 -26997 25741 37121 54569 57041 -59370 29189 -82008 -67020 84066 63584 -16998 29975 59583 -8556 67019 -43719 95937 29871 33131 -33232 -27728 -71796 -26168 37148 42279 32192 20861 47297 87487 -6838 -324 65390 15146 -94241 68575 -89934 40104 -97193 -91067 -56279 
79430 57299 73830 -28696 -72151 85377 -39530 -32675 -39145 40225 1442 76685 -63470 15804 -80431 62637 -4899 -12385 5862 -11846 17585 21201 68392 76081 -65932 -29038 -78251 -35058 69637 71682 64126 -46672 78368 -36703 3640 76160 68757 36975 -99517 68684 70510 -63894 48625 90136 -47057 79676 76096 -40634 6667 -82292 -60934 -80608 -92157 -35550 -11582 41506 3655 93 18831 97841 32696 -42356 42260 -95299 55334 43724 -36222 -27610 19619 2172 14209 80565 9099 43813 44199 31880 -49374 92139 -21310 19336 1758 -14781 17950 -48634 -37096 -77898 -8002 48296 -9952 74541 -25860 9150 -79209 30372 24754 6419 57160 79818 3542 45737 5879 
-31561 40079 14974 -6964 82466 99092 19909 -50890 -46730 -39695 71231 -50461 -6921 -54408 93639 44866 -58534 6960 93609 -96004 -72912 96674 46170 -93869 17009 -76449 -77328 93131 -94014 -44975 89478 -69134 -14503 34015 -11460 77905 -68463 -11249 -45657 91326 26961 27062 -58040 42867 79286 -78574 -695 -18759 -83640 56960 -79072 -96474 -42918 64495 -67672 -58064 67361 17851 62960 -55831 -16955 -91996 31835 -60217 -93237 -15215 -35737 28810 -21810 -73463 83596 92178 26892 -57340 65775 12329 -83379 90735 -25246 -5656 94496 -51553 91094 -31562 -31931 -61682 -73091 -45107 -22985 18631 25091 -38782 -35974 -82312 -89386 -67707 37977 55945 27991 59650 72352 
26184 -32501 -19301 -15484 -51765 49044 -7885 9662 41327 -45022 -98535 -94234 60438 -62838 -64797 85911 567 -207 17078 -23876 4522 -9528 -14412 -78620 28482 -41632 58018 27422 37915 -1812 98454 16384 20782 38368 3086 44069 69459 -22581 42086 8149 52329 -99641 -27732 -26013 74969 -40996 58347 -3010 -2360 -55 -26701 -82469 -83989 -75442 -85265 -31285 24232 20567 -71328 -81049 -35462 52991 261 83696 79449 -6002 48042 -60408 94327 -66572 -97761 79136 14509 25783 -2490 84234 -81785 -5421 1777 7772 -75469 -42394 -8500 7631 -14487 -7297 -30115 39809 -34887 -27545 -64219 -68885 -45314 -48483 81181 -7368 -2079 -37341 -65079 -76003 92069 
11947 1074 -64141 98068 24895 65842 48300 -47108 42670 56192 -81808 2932 39439 -84731 -32218 -30528 83937 -16136 -37793 80229 74976 53452 -14060 60076 -32265 -11136 -39687 -14980 15728 -43750 49683 -39521 59517 31983 -79063 2448 29456 -34795 65818 84102 -10127 39295 -17512 -32881 48925 36853 26376 80937 -58298 74419 73682 18165 -86430 42585 -49905 -2041 79960 8499 -69774 -96835 39039 87100 -85261 13571 8904 -5562 -90629 56505 90437 -70089 64335 -51755 37768 53186 -4664 -60772 -64971 65138 -80903 43638 50239 -50603 84108 -85424 66065 63060 62566 -50840 23774 -95532 30617 -28927 -84113 94320 -44096 9471 85199 -92855 48270 23114 -26508 
-75309 -72464 92384 12321 -43008 83989 -79792 34460 25788 23000 52681 -61957 68586 -6364 -93382 21852 -88509 -55490 -16874 66499 -91608 20072 -50171 67349 -11349 -68917 -82159 -84831 36736 -16159 81311 99989 57042 -26280 78606 -41101 -98281 21524 -36927 77108 -88488 45750 -63787 -32911 -45507 -1662 -37566 42288 99612 -47763 56696 -98760 9632 56112 -61916 53353 -19466 -20440 -18940 31943 39771 -2223 -76036 79049 -39351 -61063 -77946 480 77382 8092 91504 -56218 -93413 88860 74964 -66432 -61530 72751 50319 -35527 86423 80616 31715 -67206 2257 -8939 2064 79594 40642 -46425 29136 42017 -59656 -12763 -57521 63303 16841 -36726 -3516 -86410 -63728 
-71575 -73864 11266 -2991 30610 -81596 -22976 -64241 13755 -9632 34871 39957 57717 28780 -76750 96883 -4952 93024 21121 88796 98190 11098 -89315 -20838 -11228 -78270 -11153 -10597 -13210 -52688 -50459 -5917 90484 40001 99410 -10618 278 88129 18253 -65986 -47332 -57188 -31080 62969 -83480 50483 -56679 30184 -91330 -52649 -37582 17896 86449 8187 -67523 30987 43169 -19737 -54229 -84820 58972 86891 -53706 2969 29726 -46766 59929 -99044 -56002 -53585 -55768 -38135 37383 28171 91203 44990 50094 -1075 12767 -89636 -47713 -2299 50084 96381 -53724 -86485 10321 -51581 28754 30218 -68946 49399 83528 -77710 -95906 91008 33840 -8512 96844 -14523 -27954 
85875 99398 -67113 -27034 -61315 33802 79297 -21326 95341 19789 -76121 35599 -32333 62321 33654 -1946 30800 -66205 -95375 -57906 -14083 92252 59586 -93199 50407 75246 -38717 73813 8214 44631 95336 -66088 -94717 34524 -87365 54428 -59997 -80357 73302 2805 -57747 -65335 76293 -74887 -14955 -47505 53205 -16101 -21028 -76454 16477 -51420 67332 69054 -68056 73274 -79830 -26900 17745 -47449 74589 -27920 42129 -83378 -74994 66919 98038 42568 27757 41217 6444 -53361 83667 32508 94047 46370 -38921 -267 -65081 -18226 -5454 -20040 49400 8424 71791 49363 31518 77358 -16705 -83722 75751 -74476 -35605 29684 67001 -21264 27661 54290 9076 -9058 95533 
71273 -74675 94915 -67039 -55413 -2460 41839 -66139 44127 47055 75095 -99995 -15501 18008 84368 -91336 32757 96159 37543 47743 80449 -48369 -16394 -21398 77634 -95225 -33517 55127 -68553 3027 56327 -31084 99615 -1063 -38628 -72919 7173 48347 30864 19881 96317 80673 24987 -51320 -26792 -52678 -20299 -59598 35469 54807 -18981 -60483 -83309 -17715 -74584 -36577 -60509 52103 77820 -41694 1309 29435 31092 90560 -81813 60363 83996 69312 -20713 -6405 -25414 13147 21418 24282 -47804 6079 19618 91884 66907 -95629 77679 -48139 88126 -43465 -14980 -32267 -12309 39978 -90694 -95837 36943 8764 -4441 -71776 47873 -12629 -24668 59081 88142 87065 34088 
96829 -38613 -6049 -26927 34382 13267 -98999 -64132 1200 88343 -74521 -71073 37997 -56792 -44732 -63014 -2659 35755 -72387 81888 -67679 -85213 -67546 -48843 -98491 -89087 -21644 -38191 -12851 -714 29166 31501 -44519 -23962 -11291 -79407 -44283 83934 -65260 -73712 -23873 -30612 19277 -76701 -3043 60678 -28227 91777 18795 -81773 -98717 2769 -41567 -61493 51476 60774 46580 72949 86217 -6430 -5690 -64441 50258 -21545 -79475 64021 98302 71334 30127 99607 -92459 83453 28858 46725 39374 -22992 27660 45306 43710 -35641 80769 -8865 92996 -43659 -99341 18413 8164 9266 32964 79437 -36301 98796 -85533 57474 52552 57806 77845 44745 -6896 88729 98174 
-58892 54983 81941 40066 -99723 32510 -82332 -14603 -67752 -90529 -3646 -49736 10848 -41098 33494 -32986 65343 -23266 -44868 94486 -24646 82373 75150 -94948 -3153 4526 51622 -26216 92671 58988 -82727 -12865 -46419 88367 65453 72675 18719 -54495 -81250 39862 94705 83287 -54033 -25742 44834 -83037 -3354 13424 -91314 -59656 -15446 -51785 -18611 -56015 -10821 7806 -84732 16231 71677 13779 8771 42630 21442 -23676 -16790 73425 14702 -448 -78504 64187 71666 27740 80151 61434 -72899 93262 26778 79021 7790 -13 92121 68833 55754 68026 48002 91828 57277 -53744 -31354 -16497 52677 70893 -36980 -24857 52462 -33447 53961 -60120 99499 23434 91703 
-78746 -742 71174 96337 60428 88336 -65960 -26499 27071 -46675 29302 -68149 -53546 4360 -5857 61479 -32709 34569 29824 -44585 36847 41264 53149 10492 -66951 29201 -50811 -64355 24313 -74400 86766 -69655 1687 -81555 91170 -56816 19718 1418 34687 -96407 21302 47822 -93097 34866 72491 -54094 53117 -76892 79090 -10588 94467 23412 44064 76599 -23308 -16008 74697 -30056 -85953 86239 81171 -65371 -56199 888 -40640 84436 89589 55731 -85419 -95833 -67839 66817 86111 -29645 1016 79182 -80752 27049 -19220 20318 -30371 -31396 -45689 -58002 -70633 -835 55174 46054 -82276 17346 33687 -76554 7374 83649 12795 -72567 53360 68799 -25081 13805 31140 
51620 48334 -49810 -2243 95746 53313 29651 59655 -84524 -68208 -78070 1038 94844 -14303 -58084 -4620 84854 -21929 54212 -29879 99479 -82737 -62337 61228 -34191 -53255 62194 -12511 17054 15490 36691 -81872 -12443 39457 -19873 -1229 -65888 -8626 -48782 10167 35304 -39282 -14270 29058 -45298 71605 77088 -8497 34292 76571 99691 12181 -60948 -30207 77213 -41930 -32798 -76775 -3206 -30998 90221 -16373 -79474 -40311 -53190 93144 75255 -120 -10029 48476 1935 -55786 -97401 -15934 -44939 43081 -13847 -5831 -43736 -67366 -17541 81976 34100 -35918 10050 7478 64901 -49926 51529 -93304 -84958 73008 -57544 -55075 98680 52183 87968 83860 -129 -15097 -53587 
84321 5990 -78196 -80972 -90299 -29597 33117 99208 -8544 -40588 70649 32985 -55092 57471 21748 -48824 -73090 -40188 71966 -24039 33614 40144 -93587 8549 80818 95862 -25746 29456 -48846 -69664 -38159 -99325 -29916 66095 1351 -46104 41455 -33392 -51242 -11673 54682 -55569 -45886 -74569 92109 1506 -20623 -7815 -74356 -78312 -90754 32077 38876 -47464 -73360 14038 51259 -16656 83619 94680 19338 64038 87114 20062 19394 -26922 32436 48291 42752 -53118 73900 -5241 68418 -39764 -9499 53983 69124 -25006 32129 -40294 73018 97409 6797 -38984 63990 36208 82543 -68523 45102 -71830 -79841 94131 -95047 13286 18024 15748 -99648 63613 65648 16330 -61869 
-11257 -17719 -83868 -66041 4577 -39371 -90177 84509 -38648 31777 52353 32143 -55478 -92356 -41989 -92128 91718 99516 -4835 -32411 97888 -8693 -78099 -97549 -59116 8703 -22272 -61305 -47320 -88441 -98108 -32338 86550 33183 -96939 -71847 60041 29879 -13625 67278 22524 -93375 1776 62387 -31016 95618 -19885 -82236 5835 38813 -3029 -30345 78901 72913 -72766 -45779 31189 62969 -20308 -63477 86371 -99750 -30056 41258 -50676 44819 49715 -47786 22483 41390 -51529 87999 -86835 71190 45459 14006 90871 -90137 70592 75785 -39610 -68092 -43968 -12134 -29229 -64004 80579 59709 -31491 87146 9663 -9129 88075 19240 55627 74255 54305 58425 7021 -55606 -93569 
9135 29463 72031 -54040 -85072 -93890 -84084 -56610 -60463 86396 42338 30031 51117 -842 -52294 19977 -26956 46042 -81690 -3730 -80339 -54309 -50550 19609 25106 -98 74961 -81111 -88251 -81999 89004 -5649 73223 64518 75326 -75224 39748 -97840 64833 -72310 -27867 62579 -56758 83401 90566 65278 55228 -62312 63489 -89205 -47193 -60598 -81638 -702 84701 91792 -23224 21282 -19688 -54715 -90115 -8089 55216 -56896 -55863 55947 -71438 -62245 91382 83022 -47792 73249 -33995 33543 89740 -23330 -20004 -79998 90642 57818 -5899 88896 -70984 -12240 -85910 -72299 80301 6894 -91241 -54627 2128 43565 65975 -98805 51078 -28760 41967 -53571 -53951 41979 -51282 
70703 62221 -48126 -21504 -10897 -14073 -64253 98480 -67987 58471 1901 51140 -19687 -72103 54820 -76627 -43309 24762 74026 -60798 -70878 -96992 -87137 -5954 -17088 -15806 -79400 -77120 56307 89549 94498 70709 12931 62415 -44525 -15318 1872 -51790 -17518 -65662 -71757 71395 -20207 1512 33810 -86913 -58425 53495 -42555 -1403 90702 29779 -83720 44893 -4240 16809 -71135 -34147 -9415 -13538 40540 36397 61894 -63470 61919 93377 72682 -91052 97322 -16875 -67264 -94458 -66310 9396 40082 57347 -3316 -14692 -66624 -15962 5481 58346 59037 -27550 -34149 96045 21895 38461 45351 -48643 95667 40198 25072 -82162 -23318 -96866 31492 55239 79647 86843 -92308 
97806 42357 87021 58397 73861 29967 -96773 -10323 -75367 59992 -66812 -39240 -64081 -10648 60236 24688 7274 -89927 19051 52040 -20201 37582 -83780 -8497 94434 -14216 79265 -89301 80116 38053 85801 -45018 26040 -23877 -4797 -53544 -51469 39380 -49605 -1567 3390 -20289 90747 -3289 -88094 3038 20358 -15039 -90233 5303 -83194 79093 -87525 47721 -47566 32691 12328 -79799 98731 -30063 39323 93256 -8658 -52175 -81687 59135 14862 35397 -22228 70182 67580 -49904 -63203 19000 13547 88997 -24841 -74010 65424 -74248 -49390 38806 -27953 7626 -57056 -51906 22894 -84921 88303 42669 79139 65941 -12939 -9274 31019 -11976 9537 -64324 -97574 42762 55698 
60649 82962 50922 36379 -41891 -32009 38860 16203 20847 -82415 -75798 71055 85629 -96566 -77030 62592 72423 5965 9690 84072 18165 -18511 29276 -29639 30420 54638 54832 -75282 -5558 -9863 19597 -92452 -28444 71249 99455 27120 46101 -99183 -45042 -7562 53635 -76767 92465 98973 98350 67036 -23016 -22665 3523 -71017 21343 -3195 20558 -15444 -97315 1522 95538 14589 -41288 95905 -6780 -74645 -18844 -98635 56753 -90552 -558 52224 57340 82111 95712 15454 -74631 -49497 61381 -1770 64471 -52860 -83504 19901 -9 3338 -73264 -4966 -86889 6289 -57912 -66330 41373 27680 -56419 91749 -31870 -97172 -80878 91006 49144 -3413 64122 3652 44692 
4079 45535 96888 -42072 8642 -16686 75098 -76953 84974 25867 76811 59594 -90612 10331 67803 75341 -2738 61622 73988 85046 -87347 4677 -78900 89292 13341 839 50867 -5711 -4639 85269 -13912 -74677 -61004 29434 -9815 55866 80397 34893 -95472 -92904 59974 -39962 -92955 -73179 45659 55782 -31495 -29400 23197 7525 -93801 23535 -79156 82425 45368 -83814 -92423 -930 12496 52214 -27620 -27142 1469 -58465 13204 -35800 33338 44451 -59528 -78012 27182 -88974 -48792 -45407 31708 81198 -63521 -40601 -22005 -91136 -62883 -21881 34900 -46429 19612 26533 61318 73674 -63949 -37044 -68637 63412 -25691 -38421 -95180 20380 67257 -25780 -88001 88047 -54897 
84159 -83494 -50345 80585 -36520 3802 -38339 79222 20291 54674 23840 4082 55210 -31138 39383 75532 35233 60506 -41144 80858 30374 14792 -77196 -61514 36817 33307 98101 16344 1309 -40543 -42159 88749 -92348 63829 -41415 -40399 -21858 -36094 69893 -10493 57473 21968 16434 -6578 34785 -85500 -16067 -88839 -61655 96134 -79175 24469 87153 67550 68629 -97884 12556 63880 -76639 -58167 34701 -59526 86064 73072 61008 -86112 73891 81247 -35993 52214 -92382 -64270 -2041 56149 -95014 -20052 95054 -4043 25743 -84362 60751 -61167 -92762 25910 -15529 58817 -42683 25886 93693 -51039 -62889 36689 28381 -33650 -56617 80541 -35037 46262 -41330 -3710 -42384 
-56417 17183 -49307 -87990 82190 86121 71391 99456 68976 -5195 32342 -24548 -64597 -91260 -39003 -55480 83752 -46848 40479 44553 2806 57340 34315 -53082 68512 -20219 -122 98142 -32141 -54793 -24745 72050 -82653 33812 97549 -87866 -34772 -86132 -54865 -95191 -57114 39442 -2837 3072 -43039 -19888 52830 780 60098 19026 -18011 91079 -3188 -47880 -74116 31359 39005 -5603 -22926 -74079 80791 93240 -20785 -4843 -7411 -9241 -13502 -77613 -27986 56256 36974 -52268 26088 -63150 -19172 -42880 -61994 9328 -99300 88912 -94509 -21667 -96780 40459 82466 -15864 -17270 12363 30820 -2338 -53543 -38963 -89580 75659 -27559 -73499 18370 -3074 30850 67784 -51630 
71845 99709 48447 -43512 52855 49993 -29989 -85404 -44169 -25573 52232 -17529 -43458 -41429 12485 30088 -65807 46011 -92089 -72128 -49167 -68550 16903 20447 62269 -2625 76468 -90353 56467 82961 72720 -37808 30310 -23092 36128 -29135 -40485 71832 -92253 80169 94698 -81696 -5562 -56117 -86348 53889 -70150 23899 84939 -62942 73296 89462 -58903 -36318 -68200 -36099 61490 3216 44544 -98274 63622 -25367 -73993 -13286 72173 -22156 75910 -58978 91261 92891 67239 -45356 -57445 33405 1209 28222 34268 -74847 -31533 17084 98912 -64988 -435 -80923 -97784 79630 -61218 -42990 40823 13641 -83209 33877 -20906 -19284 20524 10483 84648 51306 -78220 88828 50436 
36572 -63504 -45046 92685 56489 59060 92180 -7753 27416 -39761 96568 16076 -71960 12259 18834 65560 -9125 25601 -31837 -54053 26189 56693 -1542 34767 -96861 63197 -92118 -96055 7060 -86641 94314 -22146 24671 35500 87788 30046 -93826 -93938 -58530 44352 45158 4406 68724 -46397 19842 -8316 -21413 -56758 28372 34522 -16089 17524 -39818 -39147 803 24206 83719 61122 5120 -32747 -90680 -90792 -45277 -24902 -90020 -96321 37202 -60666 -31308 27681 67570 6602 39479 24311 18653 70728 78195 -59257 -31570 8112 -53224 5705 -1962 -27376 21989 35574 1225 80052 -51246 45956 -40214 -3164 -90358 -88267 65920 -23913 -97967 -38418 -78704 -34738 -85619 
67134 60784 -59414 38905 -76815 98065 -13735 -36133 91636 53595 -90613 -19322 85834 38056 -90916 -25425 -38098 -33441 -13315 27438 -47290 -91365 -63107 -1998 -95946 33364 56947 -80886 15843 21335 36368 62301 -85051 -20937 8643 -55357 10061 -32181 74428 38144 66540 78178 -83046 -18483 -5051 55795 11891 -9589 74586 87061 -32439 -19356 -40305 32289 4583 4149 -52792 -79141 98197 17936 50753 -87040 45081 -15420 -11469 77803 64232 -91672 -8127 18015 52258 42006 96754 96761 -80599 47145 -7878 76265 -48591 47873 -8525 -40214 75527 -51413 50838 20076 -13568 -1689 70674 -41901 32713 -34751 -93094 53513 17491 -81249 -33402 -706 677 -68704 -48665 
34212 82807 41881 25235 -19675 -50140 18800 -73726 98490 44405 60754 -52034 52312 -11173 39079 -45086 -25446 76693 56432 63303 -68071 -11788 73462 82701 -73694 43279 29800 23156 16817 39003 2159 86722 -35293 43340 -70006 78079 -96411 -59670 65513 -67516 31314 34384 18428 17941 38474 69196 -98357 52080 -41790 36347 70106 -47789 41218 -12268 -19404 -87801 -13470 -71329 -95007 16907 36297 27043 86560 -83363 29774 2788 61911 17642 55798 -55185 87847 -79063 64575 -47746 -27367 -71242 -85878 -97299 59089 -46834 18819 74259 -6391 26382 -47684 -3848 96285 37918 -48286 92095 87916 73749 59583 69170 70968 -47220 84603 -36530 36136 -52519 -68233 
-13298 98630 53311 -4617 49200 78584 66759 5965 55039 -44964 43001 -78760 58661 38913 -27817 18583 84265 19492 -18331 80162 82796 -15552 44424 67 -99286 99780 1681 90609 81077 63466 8321 -25610 -43106 33050 -49827 -82369 -54213 63147 -4931 -85179 52182 9364 -25795 -22853 -61935 -84425 34541 -17725 -62597 -72509 5595 -71323 -86788 37026 -6561 10592 16232 86183 -63475 38858 -87168 -48400 66236 -83445 -98807 87301 -43510 24750 -41573 57904 -64914 7619 24501 -69878 -50300 -66674 65620 -41963 -87092 -11513 11977 7508 1588 -7669 -87695 -65280 -81951 7526 -41648 92028 -6604 34472 64857 31246 -37549 91322 -76143 -52316 -36067 -31857 -31675 
30130 -53665 1390 -72060 -25831 -40467 76673 -21409 84052 -53326 -41300 83229 70290 -12954 -30869 40852 77638 -37311 -67746 46598 33180 -5199 85783 -10874 -39437 88421 -7699 -79261 -44066 -58445 46069 -41458 47812 78386 -25726 -8136 48988 -1129 -25321 13801 -74086 86254 -54242 -81893 23735 -46724 38414 87430 -86570 -74722 -12205 82925 64916 37227 68799 -73427 -18164 23433 -1100 3406 -91574 63155 -4323 -190 -14117 -14194 -10676 64576 74885 40259 -54172 52105 47761 66028 37166 -20774 83066 62148 35245 -79309 27648 -81054 -13298 39959 -25863 -59930 -47602 70366 -43651 -32826 44336 -13949 -41646 36602 52 -62155 16378 -22096 -71418 50449 57632 
-82314 -32051 23926 85399 -62302 -90063 47945 70868 53162 34148 99033 -30849 31660 18027 69474 -77357 -5759 -2777 74357 -53580 49447 30015 49594 -70524 -76729 -26484 64180 58400 96395 -55208 -79609 -51947 33740 -39964 -71432 -29316 -46807 65039 -13629 81916 -95058 42318 -84579 -70076 -91348 -87953 -76574 -78368 79600 -58380 -69489 -70522 54754 24445 84646 -19124 24375 83649 20795 -51129 -39278 -71552 -30962 -32122 -63592 52450 99379 -58561 41193 233 33993 17708 32627 -64078 97149 -90717 -66759 33157 -57347 7915 1482 -7948 96727 64433 96939 92589 86507 -6020 -65281 -56094 -74953 -28380 -81510 -93671 -28816 -15592 -83085 -56483 10454 -8789 -10316 
-46336 -75131 -19709 78518 -95965 -72543 -35349 77892 77640 -38781 -97825 -19914 -58903 20407 -27738 91033 -10906 -53622 -44582 -92577 84348 -43044 70350 31284 92478 84353 68275 -32497 -78562 -52361 -57697 -90736 64912 3533 -366 7531 75260 72651 -10405 -44097 37082 -97890 -24467 29916 -90375 -10651 69173 90021 -62606 58773 -85803 -27902 -55237 32641 -73060 90803 -35820 -7882 6537 64718 78722 -58138 91354 -3596 79255 -27980 -10727 -14392 1243 -28077 -42562 74177 28761 -98823 -49786 -39612 -79442 -9298 -67587 74815 -50903 39414 -52068 -47912 -41032 -67513 -12585 -83417 -40568 43126 84669 -12114 51451 89101 38965 -99583 82611 -10722 -72090 63478 37056 
10096 -18180 87489 -80600 56623 -49846 63039 42842 -28785 98282 -58617 95006 -78461 -4967 -64925 72260 -9567 -28449 -63216 2068 -5856 55104 26105 -1033 71401 -89715 63827 12148 31720 7471 46644 -48236 -7549 -85146 -73677 -79222 68954 26395 36574 -14557 -26925 -99350 55436 -27338 -79196 -73217 50745 35756 -16607 -99292 45394 76984 -4921 -43023 72649 -1708 67784 82297 75485 -18640 -31710 -49408 -1988 -56513 -73337 -34894 48569 -60064 -79194 77870 5159 -70602 90312 10354 -97033 43643 -98060 85014 -6333 90455 -28231 47945 21425 -19785 38123 18035 468 57854 32234 -80984 -42195 -28766 -54485 93841 19695 92595 82638 -1112 -41228 -55688 72945 
-60668 -91145 54547 73345 81308 2674 -49078 -87767 -73251 5078 -62261 98357 15534 71187 -92716 20698 -41558 74899 33534 -81423 -13724 -78011 13046 68942 -7176 26198 -15292 -46444 48320 37578 15370 2755 -91690 -7657 62946 91211 84427 15818 -3995 -24982 68555 59327 -98641 781 -29241 -53171 22841 -41010 -76640 -18617 -38664 66839 53708 -76885 39558 54321 -57980 22741 -6809 -28029 -17197 -53501 26860 -69569 22225 -5659 -37978 15716 -5789 24173 49696 43314 -54177 62222 94184 -79630 54183 -81684 32718 -67234 77045 22801 -8470 -96110 74581 52404 96247 50343 14451 -19401 -62071 82432 99865 -79814 -42094 80804 29571 87079 40925 -7158 -13815 
-36342 -21731 -13700 -7214 -3578 -11440 31285 -4311 80752 41404 -97378 87526 -47483 -33107 -57048 33005 69721 20940 -82711 -81660 51931 92370 -62502 86758 -23788 54004 53678 3091 -171 60109 19270 29132 -83164 -19496 70703 -20426 38752 -91895 99197 15007 6976 33636 -35201 45769 -74958 97933 80566 20231 -66368 36557 42618 54362 85322 81292 50068 77518 90400 -59725 36361 90645 -90904 20840 -61128 -25221 -3410 -94125 69869 -27894 19102 70435 -13867 -26430 61755 -43502 -20106 -27787 -34955 68873 7913 72393 -76920 58758 94856 90494 6752 94937 5904 65572 55976 42070 88674 -17289 51742 52728 -43934 -57318 45121 51971 -11415 64683 75546 
-26594 66637 74860 86614 -15935 -40301 -62417 57836 -41537 23504 -18585 -13296 -32947 8741 -62791 -37437 -9614 50219 43174 -90819 -15985 49952 58255 7005 -2410 85905 -85105 77391 18123 991 -78006 -10108 65136 68318 66059 95600 44279 22044 -23729 49648 -63643 23229 84176 -44306 73871 78678 93855 -47154 -70291 72411 -11800 65779 -20433 92941 -40433 4767 10489 -41478 94113 28824 44030 -12053 13891 -97018 28576 9715 16577 33668 87415 86328 -97749 24397 -92941 90393 -64133 31998 30357 82902 70245 -36942 13619 93497 -12562 -17356 90450 70405 -30091 21986 96107 -88425 -66448 92793 544 -2337 -47455 -6325 -29055 18752 89619 87860 -83188 
-82027 -76167 26526 -1689 5971 -95797 30014 -36572 54357 79077 -68222 59912 59698 84589 82537 -93448 77433 -17543 -20167 -20459 -57773 35959 -8505 -30036 70699 -65208 86768 8537 -78105 -67573 -32103 52655 -98929 7877 15134 80159 43412 -67370 74988 65916 9478 -33924 7550 -10525 12151 -10607 84778 53630 -55019 -42252 53254 62466 84074 -48671 -66320 -58603 70834 53793 93463 -42539 -62484 -38111 35987 -8141 -2181 50888 -18072 -65253 -23321 -10308 31543 59932 55421 66243 -541 82885 79385 -40092 -15794 -61650 -48274 -81988 74337 47109 -6965 -72164 38816 -96850 71604 -52711 11596 63883 20972 -59957 80368 21230 -32652 -1262 11320 -41212 42603 
69011 84502 -31714 25258 67066 69955 72950 -42139 96663 -53523 64150 -99363 31132 -30452 -21957 -90007 12824 11276 46520 13731 77248 -18049 67182 -3523 -68483 95931 -16520 22905 -93364 -77544 -94113 -96930 91645 -94190 53362 -67401 10619 61341 32057 -19014 51436 96890 41780 87506 -68694 80518 7901 34619 -67487 33985 9790 48718 91466 -75529 34889 -73730 -48691 27535 18772 28006 90084 53437 -38221 -71084 -85246 80223 -70472 58683 -76194 -60169 4752 49228 26045 -74207 -75083 52907 7821 72818 77831 72590 -77298 8774 23689 71384 68948 98139 -91694 29462 -87869 35283 53333 -20014 87392 -56794 39831 46254 -71825 57495 97183 99702 51658 
50887 -41575 80992 -14045 20960 8223 -73427 -18353 28157 17302 -42386 -51749 -47652 -2011 -6242 -4221 -30266 -39444 -89323 -51634 -41564 -43750 -78795 61953 -88372 96547 5958 -24990 55387 -38562 -40597 72734 9827 -51723 98432 96913 23758 -98916 -69419 -85889 68500 56021 22947 -32761 -96359 -33798 -73828 -94854 -80198 -40316 -98867 25699 82177 17791 74540 -7339 -87847 9322 87587 7967 -833 -5442 90330 -42792 -24785 -89301 20104 -56609 23408 74229 6262 -73811 -64419 48451 -31786 64245 23631 74491 -97192 -44171 -24521 16335 6065 -61680 53515 51275 -9209 51123 -91143 11235 -40361 73886 66796 -19372 -35720 -99602 -34972 33077 -55439 -65527 58891 
-92879 -50490 5440 12464 -68332 13129 -53654 -38018 31351 77389 -8554 -96722 73798 -93768 -98702 -5826 -44447 56567 89955 64123 95325 96691 27401 -24344 33557 -88704 -63099 -25181 64314 -50157 77981 90021 87999 38044 -53493 24192 20241 28177 68676 41156 43642 9749 -27241 24863 -88841 7069 -62803 31107 93461 36327 -38680 -80650 -76528 -35227 50920 62089 9224 -92416 47831 21795 -12694 -86005 -84942 -88239 67609 -78448 19713 -98965 30750 32617 -78996 -11979 -19919 94205 -83189 96599 -46542 75410 77695 18943 -60121 -50623 -32420 92589 -45078 65683 63880 26028 -25121 -72292 48209 -31607 13142 23149 -22184 -95267 -64637 64089 69335 82402 -98023 
48715 48742 18206 11790 5312 10652 16620 -28711 -42279 75007 22287 -50321 -85757 -92942 7319 -18393 42243 75942 55876 -43463 -78197 75605 5985 -78907 90393 -35977 46933 -55247 -69641 45298 -29039 51866 -32158 -17407 41975 70684 17302 14022 32281 -94431 17060 30058 -28985 -33812 59303 -16256 91155 47361 -54182 -92229 18135 66275 -44664 -4961 37127 -84035 -94874 -44231 33502 -17116 -31893 -81406 18503 -15934 56908 46114 -93327 65705 -72138 85954 19521 23218 1241 755 -19547 -86471 81328 7150 -43076 96862 -85284 -15746 -1970 86686 8145 45707 -90391 94025 34849 -42198 -83502 -54293 -9406 -66408 66621 88272 26872 -85474 -63826 52534 -49706 
-80887 64729 16046 -30812 95744 -18793 57507 -27498 -15679 7457 -43596 -13343 48004 91519 -88233 -7043 -92937 54210 90501 -24289 -86253 -7246 -54835 51970 -72415 76240 18024 64849 63728 87744 -89872 40320 94641 69712 -4755 22774 19155 -19095 77097 -61190 -36027 75357 56536 23788 -84255 20017 -13576 -29175 9362 -41569 -31147 -28672 -1730 -12163 -74779 7719 53589 -11541 -33650 -72670 -29124 -52101 21407 44283 -98374 -84475 -43822 78040 75663 39128 82294 -72311 -51681 68919 97819 60824 27009 -71466 86927 -74035 -91131 -32472 57918 55678 -59160 60793 83590 30856 -87279 -2627 60589 -39082 85119 -9318 -27511 36422 -97716 -67472 1115 -59496 -62531 
-23197 -76769 -17516 18780 -26590 -25450 72174 87600 32859 -3099 -91368 -3152 44294 -78786 16892 10369 98305 58333 40074 94763 30922 -82348 -89309 42052 14505 -227 72605 -99269 65453 -34109 59961 98161 47577 -75812 42386 11885 -42693 -54796 -28690 57306 -32207 -64759 11196 3655 -27378 29265 -68790 -96882 11018 -60292 -61733 55490 -63050 -46223 91233 -61666 -56726 56728 -93911 2082 7651 67305 -88338 97850 69779 36530 61978 31011 -49476 68023 1164 -12506 52065 97885 -41289 71682 -51586 -39761 54607 -56787 -90840 -63357 98553 -99864 -25433 36752 -35996 3660 43862 4515 -8575 -52772 79177 97410 40358 -55526 32845 33577 -90550 -54616 51926 
37029 -41380 -11963 71226 60643 -57366 -26648 -4647 24945 -42841 61671 59999 -78236 -2461 61205 -86701 -2983 -74129 -40970 69230 -30100 -74893 39951 51065 5231 43013 -44290 54022 -73633 -12795 38819 3200 79725 17565 -22631 -92102 31197 66567 44721 -93219 62034 45315 -48675 -29564 -91725 -87291 -48569 -4382 -73988 37919 -45941 65137 -88572 35258 -9623 -91868 -10551 -12714 58824 -84027 1180 -44618 -22583 19154 86948 38138 -30981 -57723 33109 81629 -39935 50172 -19939 43235 17329 79981 -31654 99940 -76550 -49075 -43181 -79653 -86913 -50386 -287 -94969 -14973 30390 87701 -85827 34261 -39421 -94687 -50117 48929 93919 83056 -27024 47166 -38239 -39995 
3827 22999 -88984 -63003 -54072 -59295 -90180 -79108 -80315 82427 15956 -6339 -33719 25101 -54551 -98686 10944 -77113 61493 87074 -66395 33903 61573 67044 -6647 37648 19425 -4345 -39830 -63350 97123 -24392 69030 -88434 29431 98017 -12194 -36047 49660 51314 -6076 -7554 -13840 -15254 13711 37868 52204 16217 -15550 -2455 -74102 1738 48934 28288 85924 -35547 -56927 59717 48047 -65974 -31003 -96148 40851 18250 8080 -35502 -84911 -90324 -36141 -60529 81494 63881 97384 66837 -49718 63464 97573 36448 26820 12781 94480 76440 -60756 -3016 -23238 -95634 -2913 -79069 20332 -52827 49877 -11434 8323 -46922 -39727 -66131 -75702 -20219 92382 -29028 4081 
54455 13051 -93876 -95387 -97443 -15190 -71991 -63417 -73227 -3095 -58169 48655 30889 56728 97039 64938 -4564 94999 77785 41114 -70211 -94267 -10559 -25005 -96797 -52524 -77524 82547 31607 -92453 -79155 60485 92217 -62411 81550 -17088 -74876 -83015 7153 21781 10153 60235 -15667 57536 -76686 -95307 -31610 41167 -88476 38481 85040 -6660 54812 -49713 -57366 -57479 -28121 -99251 -27819 -28377 760 46051 36152 85365 -945 69407 28429 -53832 92896 92094 -75411 -53381 -48804 82266 77799 -48501 -10246 87967 -55076 22992 -98881 19339 8371 -27058 61553 -48042 7616 84489 47500 -75606 117 82991 67963 57895 37139 -74033 -11000 91279 -96606 -38108 94904 
19481 -93277 -36509 -63179 -25286 -89567 61997 -5689 -56297 68272 -63953 90877 23704 -72928 -81653 -73799 99174 77890 92293 56977 -85165 46481 -34704 -32052 37329 77285 -46446 75358 58130 43656 -12943 -89772 -79943 35754 34156 71534 28252 -21869 -11230 69388 7460 -62229 6668 91932 -65370 -33355 -92346 -10068 -29989 -18653 66793 -16117 94279 -57200 -66306 -63853 -38494 89164 -20196 -97717 -8221 -72830 77304 -78129 93632 -29262 46134 84269 24179 49337 43388 -1486 -93886 -41604 -85438 -8478 89377 53730 -51015 -75324 -73125 81201 84878 31038 47740 -2257 -12793 -38564 92993 -53850 -25225 25750 -88524 98001 91846 16024 60662 -55937 -15890 -64544 -36643 
27577 79627 90812 -83067 8608 -77999 81668 -98059 21518 88963 14290 11687 55664 -50861 -34538 -1681 -35108 89316 8062 -18843 88218 17816 -41971 -745 -41972 40450 86077 -31350 26220 -23201 42586 14012 -87139 -1052 96606 -74009 8586 45107 98967 -38936 35014 33326 -23520 10677 -34759 88526 -85355 -60582 -22370 -31162 85881 -48764 29741 -32387 -13722 -6572 -50271 -21783 -16575 -43043 55554 9054 -91908 27870 -77622 -1041 -79626 -89523 29680 59951 -82918 -38973 95138 -78260 -86155 39685 6109 -83135 -78352 22051 -31633 24521 92840 -72926 -15999 -13018 -41346 -37010 68196 43331 83350 52148 49385 99563 -86284 10029 -66616 8512 -95856 -54315 -50025 
22057 928 -42549 39612 78359 19351 63141 69914 -81887 96159 -8898 29620 -19484 96542 -75980 46494 60154 -50225 -53431 -79154 -61152 -75955 -84755 -27418 1129 -32160 58390 58390 -7089 89535 8916 49606 82146 30122 91466 5172 82274 -98494 -31574 -94442 -30150 48075 -68105 72923 97222 53128 4173 -40693 71579 49195 17146 -67720 -28344 48499 -42406 71894 83458 -49155 -57818 21441 -44828 -7797 65103 41917 39 63121 -83629 -17614 -11601 36775 -47154 6571 -36582 93681 -83818 76774 -1636 -18052 12328 41601 20756 -45280 82579 84771 -12678 -972 35135 17610 -82920 -26517 -986 -68760 91169 -75923 -36114 30603 -39971 -6880 -61729 -67292 -46327 
-88079 23017 86375 -68591 63634 -1327 -63670 21092 70021 -97852 24853 -96999 -37248 13386 60670 75455 3186 -13160 87196 62926 -73554 -21393 70528 5001 53673 -19093 -41746 24136 -42342 -83635 55909 77009 -53015 -10112 -7570 489 -81871 -87414 83785 45188 -45881 -25767 59631 2024 31333 15419 -39375 -22041 87365 68159 13038 -65663 -36086 13677 -19066 -27172 -48154 93997 61641 -9432 1536 35563 -50231 -92690 86598 -94116 48216 -32371 -82803 12526 -10275 -67205 -96562 98510 59715 44236 -73518 -30391 -49240 -88254 7177 40846 98280 -17348 58477 62979 13867 93847 -27813 95057 -74985 -13121 27075 -596 48372 10679 69309 -13080 -39620 9848 -70840 
79754 -23358 -67245 -23425 2021 -7636 -78302 50969 41965 27452 -46801 -71479 42578 -87751 -54702 -66233 -5834 54765 -23209 48934 4353 -74684 87302 -31656 14841 -36030 -93297 -97921 -69942 -45572 21478 35792 99327 -24933 -66117 -99694 -44820 -24564 -10524 41706 59663 10645 96759 -3385 23581 78780 4401 32225 -79070 -44307 -80232 99888 32719 -3111 71751 1893 -73727 -53172 45694 25433 37563 55925 30492 3018 25054 67703 33655 40578 -57297 68334 -46293 -4227 75089 -276 90078 57740 -27299 10620 -94363 40417 36823 -76060 -31288 -2266 68123 24542 -55063 17651 -98804 -37873 -2533 67548 -53758 -55191 -44126 -92787 71472 -49320 32485 26707 -34614 
95332 80151 -13820 -50344 98926 78717 3032 87750 -91646 9564 -99927 -75666 -28070 -68614 16401 -52098 21214 57418 60507 83641 10006 93899 -11177 65662 37974 -93957 -55264 -22662 -25895 48926 35249 43482 -19469 -45040 82306 -72078 -30720 65605 -86938 -29094 98905 -81793 -93318 80102 -12210 58386 5838 12925 -30698 -19728 35330 -5362 72577 -28346 -49839 -99057 95298 45406 -10887 97300 81735 1525 -41991 45854 -74779 -56054 -22752 -37037 -7548 64465 4929 48611 -67067 -80864 94047 63303 44137 16171 -75667 -89507 19559 -92307 7487 -28696 -98888 40515 -63006 31676 83373 -32944 69984 64664 -43953 29908 12076 -98526 59814 -49754 -61977 -66415 56064 
-17957 -85088 -65831 57741 14146 -77712 -91629 -8441 -21664 86323 -98902 1470 -33331 -95962 -90955 8495 67072 88784 -61351 61856 -99309 75276 24180 -35189 90912 78487 85015 49595 -82480 87956 -73338 68072 93560 70235 -40311 75853 45156 -36059 -47980 -67877 -66684 90728 -34387 78049 -10965 86456 19245 65104 71047 96130 42847 -16939 14508 8852 5330 -55913 61599 70798 -92424 -62540 55415 -16106 18694 96389 -45087 83483 6142 87542 -27295 -60721 -7642 15635 -42770 88144 17026 -75240 45822 36420 -82704 3279 69761 -16058 94381 46046 -54046 -99070 -9731 -61882 -10599 -76234 63494 38814 -19988 39955 -80423 73059 17131 39585 -18432 -59594 35125 
-20356 80859 -99186 77778 33756 28787 29436 73771 3283 -82898 75789 67076 -54378 -51219 -85757 -56408 66646 52504 -92304 55293 13946 -6328 41437 -21963 90972 44711 91007 14904 -21295 -70077 -36232 45571 25855 -38855 43798 24023 -4154 -71684 -87081 -98189 -14447 25181 -17608 63099 98762 88757 -96176 2873 -29953 -71988 34512 -79061 35991 -5496 78008 84584 57172 71765 -8614 31584 -99167 -59436 1309 -44703 5080 -19277 37350 60732 -62341 -3384 -55011 12221 -13910 49987 -99347 17848 -73508 8839 4097 -86127 -21695 -77400 76737 -99399 44234 64181 39510 -25948 -4039 75783 -43336 -68430 -8890 -43725 -57564 50365 -9842 59110 6846 20405 -62447 
-15947 9603 -76086 2850 -51276 -3162 13809 -5073 -79130 -80181 93619 -8940 -67165 31912 -74794 -28400 13407 12111 -67140 -5758 95852 4140 3799 -26404 52887 -52593 -83340 -50285 29361 -27971 -88916 -85115 65296 85985 80591 70047 69461 79758 64827 -45577 25633 31652 -51384 -47075 85634 -3571 -42157 -90870 -49714 -762 52751 -28008 29390 -94286 60917 73787 -99064 -81625 92848 37952 -99669 -28788 -33436 24623 29704 -25999 8278 49604 -35330 63713 88987 -62507 67240 42875 33562 83041 -34643 17052 56407 20873 94242 14486 -31077 19127 12440 77826 -45213 69047 -87066 -53824 5918 -51989 -67401 -19942 28147 -66935 -49284 25577 88928 67573 7249 
32592 -34696 59537 -54910 -539 -22549 -45578 -14710 48228 -23534 -56709 -86030 -84410 33507 53574 -70674 -87392 36862 -28702 80611 -31678 23724 7537 -45506 31648 3737 -88973 -12886 56546 34394 83700 93236 10480 -16764 31144 -34918 -22599 28852 -5738 -2704 74986 -3776 61060 -86557 -64712 -1608 -55067 92896 1788 45803 -16079 54034 50703 -96293 26528 31000 -91159 57341 -89072 -85966 -90966 27166 68015 -59353 -63491 72731 7765 67069 -91961 93828 -78526 -97474 -37285 -78966 -16949 -94876 66810 -93625 -90881 29634 70142 -73002 63344 94439 -88461 -88968 -39183 95623 -15066 95859 24814 -34666 74577 44210 47258 32902 25743 14206 21851 50184 -17096 
44709 -13785 -94712 55587 -52052 19866 83062 99625 65595 92334 -89807 -19469 55356 32837 41602 -82942 -32402 50275 78070 -80319 14541 68074 51545 77031 4850 -4705 71299 -72246 -56952 -82609 98291 53680 -73907 -24731 -86954 -72416 -96903 -7065 -74012 64911 37075 98294 31171 -79424 -53008 -61880 -10573 98496 51466 -92019 58362 -89147 52696 49588 22781 18257 77797 -78774 -72768 -22832 124 84606 -41143 29496 -27613 -54180 -25867 -68150 -99593 54138 78746 78943 -35625 23078 73979 24748 81375 32861 71682 21508 -36513 -73669 -53246 -30375 8803 37586 -72345 -51494 41287 87001 -62044 -5627 54563 -36163 -6039 -22791 -43604 67613 5092 56401 97198 
-25234 45326 -57689 -93744 52175 6897 -60435 -47270 96458 91978 72634 -31828 -66 -49713 75002 -70148 -31142 86745 21655 4101 60830 25086 55196 44570 38517 23615 77507 -74957 -24964 40640 40962 -24667 -79383 -4439 -95153 58214 90025 24737 -46157 47232 84231 -67686 754 28879 -69896 31240 -43644 33040 6637 98969 88629 -72999 94214 58938 52860 -49727 -74678 93246 86627 -52357 27722 -85658 -60347 -73766 -76084 20897 -36200 -19429 61845 40813 55562 69172 -98532 -69562 48526 86342 82173 90330 -14457 -27094 64922 -35280 19541 44256 73948 63399 46696 26078 -43229 17453 -62568 57887 -98600 98147 25260 -17925 54086 -24853 85893 -16450 -7668 
-44113 -8161 91478 -38528 -12392 58453 28243 -70657 -46048 -69936 93986 36415 -29507 89900 77388 15982 23220 74000 -3484 40778 -1331 -28174 -49322 -6773 -61177 -99928 59220 -13979 -50562 80186 -94236 -7157 -93349 51724 45784 -31780 75746 14194 -2007 -33540 -65038 17075 -60328 -27874 -49157 -7466 96201 66190 19769 29822 -9270 -88560 27102 -50001 57687 12914 65151 80183 -44782 65697 -98105 79336 -20066 -35789 8805 32584 -11790 99272 -97292 -96629 68226 -54919 -62653 -44830 -2731 -38694 53179 17094 29606 21153 97466 26041 43109 -73505 -8218 7917 36453 63133 -74600 80883 -14628 39975 -59307 92874 72879 -49621 84988 -13200 -81523 -5137 -73367 
-1752 -54878 -1963 -12077 -78307 -21255 -85025 -34559 -50248 30442 84996 23207 44073 -11560 -84943 73523 405 -75275 64412 -82080 21697 -30776 -93999 -36838 56891 98414 -20791 -85525 87224 62025 -90649 -38987 -20749 3195 26867 30636 61657 71002 60657 -36226 82035 -94749 -36670 -78946 42883 -45835 35934 -55901 82680 33459 30206 53838 -6919 96605 -74223 -1352 -99240 -46256 -31719 -40803 -93661 -74993 57789 92632 -88927 63621 -4301 -76080 -78764 59533 -61382 62654 -54440 -5673 51795 41302 -8447 -88946 29111 -33870 26485 -16771 25669 57838 95063 48227 -27400 -28163 -6258 63571 -41224 -95457 -16668 10006 16563 78643 40927 -16026 42072 46567 -80660 
-22567 82480 -96401 -61248 73661 -24067 85725 -27632 -47832 1492 36859 11573 49634 -97705 -34191 -95207 -43706 1729 36650 6143 -33585 -36959 55657 52732 -81251 95792 -40176 94905 -41977 -30544 -84148 37234 76882 -49788 -91568 -34739 41751 4465 -8937 -34393 79093 48142 6808 -36154 87233 -8448 -80209 39483 -16160 12718 8946 14904 17831 4090 58812 69909 -29959 30030 46254 -21055 -42880 -75669 63954 -4237 47042 -91574 -45520 80010 -56104 48579 -76322 83310 31312 53150 82982 -78811 -37629 65820 -33738 82467 -76876 8125 -26202 -42375 -78163 2232 62389 44329 35061 -64286 1407 43644 78646 4161 45479 94442 -91176 58762 -58233 4710 -49123 
26194 -42299 -97507 92945 28017 33698 -57550 39988 32445 12886 -11242 -63078 34889 -55766 16447 -64002 77901 54453 8175 40167 19792 -91153 53803 8944 -55671 -84443 34153 30013 -41857 -92242 -55775 -39805 -7463 -50039 -89865 -50078 73346 68625 43646 52910 -49129 -71617 -47881 97591 841 -62806 -89711 -70474 83023 97234 -47627 50753 88675 14808 97476 -44467 25073 -3548 12257 -30351 -13308 72126 -56230 -83488 -5222 39541 23232 -41885 -51236 -90671 -75232 13016 25845 -41636 69347 84497 -13437 8761 -71640 -52134 -41861 45809 -99619 736 -96399 -66366 -97267 -14286 46946 43975 -31717 -44624 9136 10447 58962 17847 -52784 -9019 -19248 86926 75039 
-80015 77870 -29325 62341 16228 -37990 43807 10511 -24068 -36935 -14255 -57514 91683 -77243 16283 47765 87977 -18764 -98540 1280 56979 54867 12799 -85220 -45104 38166 47230 89674 63449 76588 -76094 -36167 -39700 97792 -73909 -14622 84586 58709 80251 -98141 -66201 -30907 3038 -68527 78697 -4995 64871 23948 -24219 -90247 54183 15224 -96131 -84536 50651 62320 89318 49352 40085 -28879 -27851 -15422 -3830 -62595 -37298 -59060 98771 35191 9112 81287 -30288 87656 22516 75356 -10186 -9963 93295 -16960 90859 20830 40221 -25168 -15106 -24424 98628 87653 -65140 78240 19027 -22009 28126 -78242 31500 12861 -33493 -66579 -22507 -40767 7025 -5558 3307 
-31479 60288 17424 -43485 -48065 43049 -50641 -22783 32711 29219 28581 78799 9513 -96861 89233 -87551 24535 -21271 84604 -6166 -62768 -96429 -97539 -64522 40365 60406 -44119 74840 -26104 40857 -75701 24412 -92822 -65540 4391 -54789 42642 12478 76460 -83679 -33112 28318 -18138 95833 -52719 88095 14906 -97578 64533 20741 -31030 -75690 -7917 71877 37857 -27581 -93887 -6104 -29977 11563 -31262 2103 23847 -92915 -44006 -88586 39400 4237 29960 -68472 57791 54828 -40956 -6937 56825 -14450 98235 -78634 92607 -29909 -53708 -17542 -41169 28265 37736 -40277 -41715 75478 45451 21259 -72696 31189 -18937 -13625 -56353 -53569 93130 32723 -20377 40222 73403 
-20460 -95520 -3083 -83602 55666 -44618 43975 -11777 94778 -96694 -4952 -48205 35339 -71794 -4140 -71335 -68434 -89889 56945 47860 66583 -62752 -85452 -96017 -1700 92138 -33260 44476 66495 52785 -60787 23196 34851 7366 68682 91123 41669 -41445 -40596 86425 85974 -15990 -82413 -5707 2987 -56290 27030 16543 -91997 -61150 -63843 31627 97562 46088 -93218 35491 64244 87333 48408 -73739 34712 -18194 13957 -53154 83574 -98551 -85211 28972 -66205 5150 68497 42313 -15848 -64349 -5411 95570 -4785 -98989 -7307 -69295 44209 42243 64152 -32676 -25023 -69767 14072 -62354 -32357 86601 68536 67062 -83119 29093 82923 94682 40749 -15573 -63297 66255 26100 
-92997 -90811 -11227 4452 75812 99497 -19081 51554 58556 -80552 -78971 95964 36651 -2422 40415 -33205 50052 -21570 -27775 -98067 -34110 -43173 -75745 839 -23527 -31619 9730 -57311 -71209 98386 65087 11142 38448 42699 73297 76332 -79379 17688 86801 -91813 -2753 80643 18617 37196 -44228 79243 -11256 -4352 86009 -18434 10495 47592 25913 11781 -80908 13378 39132 31294 40070 -73692 95127 30627 73288 -73429 69345 -11312 72771 -85018 -94945 53572 -4818 -72644 -21489 6298 -74391 43783 -52651 -42450 97229 -3372 -24808 -84567 4052 12060 -33894 40858 -91959 -95164 -46776 -15635 -16363 -23387 18343 -37654 -98226 -78452 -74877 -7620 85051 -93928 48228 
-15856 47250 88481 79562 -61566 -89236 -13206 -6484 -21096 -9608 62830 23925 -15391 14921 -43470 -22883 22676 59895 10214 39790 -54916 -92119 92843 4373 -86755 -38695 45660 5338 45703 55175 34046 8985 -66185 94438 -64768 -87370 30424 -28386 47084 -97294 71999 -42702 -98304 44693 96942 68426 6105 -11744 -6188 13746 -75013 4291 -96694 83424 27580 94469 -71639 46271 -41991 -79054 -16986 -66438 67559 -98997 17797 -19647 -24563 76599 -17688 90287 -43966 36527 62149 63907 3224 -63457 20600 10233 -47644 21636 8824 559 -21385 -70022 78667 -54986 -57541 -29863 -79809 -28273 -42077 -19187 -73526 74504 -54113 -77334 63522 -84043 10920 -45735 -34960 
-16168 -83248 -31686 51710 42532 46937 25873 74651 60332 9111 -36085 22715 -84254 83466 50397 -82611 -12419 -74059 54280 -48891 -47497 -58131 86326 26609 91224 68123 -98724 91380 9494 14144 26255 51159 -71008 31059 -80047 -20580 57552 56353 -3931 89604 -26373 -5233 -90283 68720 -5176 47268 44262 61670 -51541 53342 -82307 39752 68455 -63425 9183 42254 57353 -34693 3908 -97460 -3502 7169 46105 45110 33613 73123 -29554 84818 -64957 43052 13068 -53244 77206 -28554 36403 56831 -30337 -69720 -30652 6315 -7353 79111 -97717 7432 -671 -86957 21313 52085 -79259 -47270 226 -54525 56957 20278 39418 -67239 -40209 -28328 56047 -87412 16045 
62695 39386 -43155 -58723 -42866 -60333 31534 -94128 -23203 40140 -97506 -67622 -70368 30848 50327 -13098 -26924 -59365 -77331 -19489 98770 91706 20282 82480 53157 91758 87477 19893 -76018 -38810 -24894 -36074 -99656 16631 73750 19151 -30120 -76648 48956 94484 -73470 19315 16021 12793 26045 -78858 40134 63899 6417 99471 88052 85928 62283 -89375 38938 -31777 58481 -71651 -49099 -55022 -78980 65261 83836 -86616 14157 -18132 20737 87057 -17638 -85423 -79746 85382 50556 5892 -67155 -70312 26937 68367 -13189 -3814 38467 63247 -35088 -71157 70715 76238 -34606 -50135 59302 27330 28222 -812 45661 29822 68632 -48823 -32865 -15776 -45531 -76792 1014 
15066 -45692 37465 -18162 -52604 64058 -45379 97147 -31239 -72201 -15447 37127 77518 66647 24654 73008 -63365 -74892 68392 5248 65249 67431 -88932 -50177 2506 -69459 93792 -58495 88805 -79907 24030 47690 -75413 95260 -53869 -97909 80239 81583 56087 10787 -91393 -60701 -18108 -45562 -60987 72316 -90245 10324 34215 78755 -40991 28734 85992 3493 95520 4476 51897 -96638 3530 -79156 14292 36510 30195 13865 30276 5404 -6431 -94845 24664 -95978 -60580 43660 -5691 66919 6256 -35277 -11067 -22242 -51874 80748 -79746 32394 45254 -4857 32083 -99296 -54743 -55643 -46571 88733 -86490 96094 17096 25636 65329 97772 -58809 94433 31589 47188 99555 
11296 -8326 69149 92543 -50222 93087 -47924 89866 -71847 -39332 33697 -64434 -15452 15245 99656 49214 55343 29817 -13110 62785 -81436 -90194 -92661 80261 -19190 -8948 43671 2679 17604 -34685 -25865 -52995 -69829 39301 92453 -23032 89399 -1882 -74726 -81351 93130 47707 -12667 90329 34051 -55266 58562 25062 89744 -11515 -46048 75013 -87800 -69226 -45915 -63948 825 -91895 -96862 -11907 -88716 -6568 56884 -18577 -88529 -77464 -48695 25332 74552 -78927 -26683 71952 -26642 -78505 -65274 -3088 51393 -31953 951 -65370 -72108 48252 -17957 3702 99326 1529 -62352 59809 27434 -80094 -1666 -70950 64961 53969 92213 -30744 -37109 3673 -18990 55066 93695 
57253 -97933 -59292 24001 -96299 1322 -11738 49741 -3118 90300 -59268 -1632 -14591 80862 -67812 85629 14295 46847 -38550 -1354 14560 -84022 83669 -361 -74262 -40376 7336 16721 -78838 480 -58750 10241 -49596 -61483 -80087 -71751 -50187 68613 58375 64137 67784 -16073 -47237 64589 -74824 9304 -52884 -99560 1602 -32391 64571 68558 -55111 -12791 82451 74716 -40035 72678 -34670 -11710 30103 70273 -87073 14496 63270 -86681 71151 75553 -72563 78842 -23453 65230 -61109 45995 85716 -35584 -88707 58720 22141 59104 -2879 16202 38972 -84111 -98136 -174 58380 87015 -90796 48436 80294 -9528 58522 -7578 -6991 64060 64489 89104 84216 -48982 26174 
-28764 15705 37733 -93032 96569 44972 6292 -95353 31028 -64876 -76270 69489 -37979 -42042 74827 28006 -48616 -26513 -87290 -95567 -48781 -6701 -52301 62628 8298 -23112 -74032 -91655 43704 58725 19754 -22501 87364 -62099 -54183 89359 -81009 73980 34729 -36 -97820 -30804 -42448 -90532 2630 57088 21625 -96814 88492 -13214 23777 92684 -19035 -34780 -47053 -76224 61603 48398 -38835 -23948 10513 13616 -79295 -95428 -39915 -81082 -79676 75387 -76652 -62310 -54192 -96723 -28003 -29334 71302 -52808 -28363 80463 -44583 48292 -26102 32424 -47015 68605 16782 49014 6557 22842 43381 54906 88719 75073 80546 -98408 58071 65838 86085 -9365 -4137 -31008 -2960 
75736 -93423 27324 -10159 27858 -75156 16596 -73667 89159 81820 -96300 -89082 77559 -86436 -61980 29662 73195 -8510 -55251 -68158 95708 26656 -14809 -56911 39467 14610 -42428 21287 42046 -7102 -3849 38306 13270 -54538 84267 -41733 -49545 79632 79530 -31933 -82657 -72820 -94440 8661 -72396 -78966 21635 60535 4974 56046 46612 -49237 15283 46756 56499 -3898 65062 67138 93598 -98999 45983 28917 -63521 11259 12574 -30025 -96881 28779 75303 -94558 16359 -53749 -65461 85073 73861 -29724 66286 -24631 -55612 -40635 65811 70931 30966 34861 -37593 -37912 11815 793 -43739 51223 73875 -14939 -91816 3981 16607 65940 -68497 -65346 57094 49933 95003 
61283 4962 -37601 15503 67719 51245 -55545 -97021 30537 34967 -77921 47726 -45918 -82143 15506 -67021 -36169 -20629 65462 29538 -11552 -8068 -6263 4762 -90495 -63411 -45462 -25015 -71506 -40322 1700 -13591 -76486 -34078 -67090 87904 -61191 -98732 63326 -76892 -19364 79608 17104 90346 93228 11522 -2660 -54407 61078 16220 29098 -96252 58087 23752 97794 67088 53218 31933 -53815 -61539 -68486 -41752 -56875 49807 16615 14575 79330 -81966 -23480 39522 -9410 37374 -80704 -6269 -80624 -94007 40514 -95947 -72615 27723 94486 59437 -89071 -67539 69354 34087 -86881 -39729 -23438 -20473 66070 32117 38297 28937 16142 -88259 5988 -3833 -95468 -30924 46370 
-94413 7314 36929 76051 -42051 -65808 45678 29607 -67659 17275 15989 31813 13464 93900 84128 -83281 41708 83115 -37117 -53587 -80111 -90960 -21638 7928 30474 -75840 -66897 30960 -21992 -15076 -16076 -63678 -13679 10208 20921 1972 4241 -95082 -23969 34638 3973 -57091 72941 33955 16864 14805 -66554 36127 -99010 -65486 -13504 4181 -73048 88978 -29038 -21823 84751 54616 -54911 66211 -52636 23872 42630 69823 -26872 -7610 -23680 -70415 -44882 -36650 87027 -18020 15372 52612 -62020 60553 -68360 50852 -981 11245 6390 -42022 -20287 -93262 16799 25872 -61372 92911 99388 -79863 -34404 73168 63940 -7949 42484 72077 -80733 -95764 39358 983 -88623 
17387 10541 13234 -76125 65612 -6370 66360 52218 -38246 -19352 33028 -1152 60565 22980 88888 -83437 -31175 -9423 89314 -92962 -2926 31378 -65658 66280 -95320 36776 -53075 -85402 -90500 -61777 -25454 89928 -66322 46220 -29483 -62540 98114 -51917 -68694 39243 -48598 85543 -22474 893 50070 -15724 42869 90897 96975 -58858 76548 36072 68592 -10265 99876 -55941 60208 42992 26863 39501 40065 -54860 -42741 31397 2845 -95247 61682 -87389 -60618 92775 -35599 812 8069 -76992 30413 62678 -98553 13729 -50199 41835 78414 75957 -36608 -41775 40689 34818 -95311 33981 -57533 -29401 91109 -87859 70269 -11226 -92819 -56412 98053 -11611 -74380 20507 30392 
13437 2561 -41005 -9622 -63253 74606 -42210 -5751 -28426 -56559 48258 -83922 -94384 7457 85617 71845 50561 52111 89571 61344 42839 -44592 86248 11521 -84515 91460 -32076 -43591 47570 69302 -38076 -82135 -70936 3014 16513 30347 88103 -66850 -33568 -94644 62957 61353 -2192 -19541 341 56152 74296 -45888 3315 71024 46793 7324 -82225 35242 69942 73549 -85581 72466 4310 83559 57949 -97030 75627 -82829 -93697 -42008 -23263 4636 95087 -40647 80608 -88288 19281 -33922 93684 -27559 -11934 56567 -64701 21349 79106 -52336 44952 86571 -23861 -71506 90280 35760 -18801 84618 -25896 53933 27488 -86377 -86653 18234 17879 -45555 -84579 -84581 -87640 
-86392 -96964 71970 -3999 17365 23706 -47930 -84007 44725 -78392 49585 -79045 35351 64864 -55542 34295 -50527 -25896 40705 -40087 69845 -70982 -93390 -93283 70554 74304 -7017 94200 -49602 -66969 15327 18450 -30312 -95192 96944 55073 68225 14002 32881 65466 89785 -48479 -58588 -69152 -28619 76487 -36749 -47473 -72464 -78904 80958 -94126 59835 -9751 -34699 -88464 3398 -73701 44626 79416 -36473 46105 47560 58032 19629 -20876 -54827 -19654 -37389 -50857 6355 76642 -88953 -82249 -11583 -60990 49961 81299 -82858 -82892 19823 20699 30557 -7722 -33928 30739 -34172 -75951 31196 -99753 -92564 -80783 11398 14858 -80413 -7236 -69917 39084 71980 90178 -3735 
44190 -15493 -97307 82948 -95258 6360 -56581 4898 28061 -30517 70013 52425 -89177 -29960 -76688 26268 -71353 36451 -19404 -31313 47672 -9089 78675 49738 -87095 28931 -36946 -4604 -23205 -59476 48856 13115 -93779 -40659 81053 -76014 77716 789 36154 -80348 -3463 59872 83492 -52407 44073 -50316 -71727 -39420 -56818 63631 -34497 13217 -96503 -13486 72970 -59169 -22297 35306 -92507 17155 34028 -95878 -27330 -80702 -84670 15817 82713 66046 -5713 -20184 48629 46909 -2989 38182 78353 1768 -77905 98131 28780 -67634 87395 66045 -84473 59783 -76917 -29899 63827 49175 61104 -11261 -76277 13791 57906 71711 -4051 27987 66053 -54112 -51436 -30941 -13054 
3052 -66292 15848 -29159 86851 97546 5799 -30235 19175 -41994 92092 88084 -95244 -13815 -79722 8401 -53510 44767 -67442 -69725 -96796 9352 -88535 -26683 -14119 -40770 -40437 57212 53454 3367 -75446 -94084 95660 71483 -10622 59018 59063 20470 39284 -49835 -66810 23064 58094 -39589 96109 16216 83497 2120 -86546 -27197 -52712 32584 -37329 -58695 56208 -63720 -58122 -73746 46469 -27409 57949 71338 -26512 -51768 84478 -51097 -47489 -78224 -85989 5968 62375 81456 -7929 58707 39966 -67008 -56814 38300 -56865 -85153 68700 -77820 19419 -1583 28819 47753 16294 -68874 41370 -46025 52964 -31934 -34827 -26458 -84889 -95920 45539 62879 -81323 94802 -81116 
